t,x,y
1,3.53456E+11,2.18399E+11
2,3.62365E+11,2.05035E+11
3,4.0691E+11,25964745750
4,4.09583E+11,38437327810
5,3.08911E+11,21510252160
6,3.09802E+11,26855644470
7,2.43876E+11,28637441910
8,2.41203E+11,26855644470
9,2.70603E+11,64273390630
10,2.6793E+11,58037099610
11,3.24057E+11,1.47127E+11
12,3.24057E+11,1.42672E+11
13,3.65929E+11,2.10381E+11
14,3.6682E+11,2.05035E+11
15,4.13146E+11,2.16617E+11
16,4.0691E+11,2.13944E+11
17,3.96219E+11,2.28199E+11
18,3.98892E+11,2.28199E+11
19,3.96219E+11,3.11052E+11
20,3.94438E+11,3.23525E+11
21,4.00674E+11,4.09051E+11
22,3.96219E+11,4.04597E+11
23,3.9711E+11,4.01924E+11
24,4.00674E+11,3.94797E+11
25,4.07801E+11,3.9747E+11
26,3.98892E+11,3.89451E+11
27,4.15819E+11,3.84106E+11
28,4.15819E+11,3.7787E+11
29,3.54347E+11,3.9747E+11
30,3.49002E+11,3.95688E+11
31,2.60803E+11,3.9747E+11
32,2.42985E+11,3.95688E+11
33,50550685770,3.90342E+11
34,55005179360,3.91233E+11
35,14023838330,3.94797E+11
36,22932825510,3.93906E+11
37,12242040890,3.71633E+11
38,9569344736,3.61834E+11
39,13132939610,2.82544E+11
40,17587433200,2.82544E+11
41,13132939610,1.47127E+11
42,22932825510,1.51581E+11
43,14023838330,17946657290
44,11351142170,15273961130
45,21151028070,13492163700
46,36296306280,11710366260
47,18478331920,19728454730
48,17587433200,19728454730
49,14023838330,50019011140
50,13132939610,40219125240
51,14914737040,76745972690
52,18478331920,69618782940
53,1.43204E+11,13492163700
54,1.40531E+11,11710366260
55,3.35638E+11,25964745750
56,3.24947E+11,27746543190
57,4.15819E+11,24182948320
58,4.11365E+11,17946657290
59,4.19383E+11,11710366260
60,4.19383E+11,10819467540
61,4.18492E+11,74964175250
62,4.14037E+11,81200466280
63,4.08692E+11,1.23964E+11
64,4.14037E+11,1.16836E+11
65,4.0691E+11,1.16836E+11
66,4.0691E+11,1.11491E+11
67,3.75729E+11,2.21072E+11
68,3.79292E+11,2.27308E+11
69,3.70383E+11,3.60943E+11
70,3.72165E+11,3.50252E+11
71,3.95328E+11,3.99251E+11
72,3.99783E+11,3.9836E+11
73,3.38311E+11,4.14397E+11
74,3.31184E+11,4.12615E+11
75,4.23837E+11,4.20633E+11
76,4.08692E+11,4.09051E+11
77,4.03347E+11,3.94797E+11
78,4.12256E+11,3.94797E+11
79,3.29402E+11,3.84997E+11
80,3.18711E+11,3.79652E+11
81,2.4833E+11,3.81433E+11
82,2.63475E+11,3.83215E+11
83,2.26949E+11,2.54926E+11
84,2.29621E+11,2.54035E+11
85,1.03114E+11,2.82544E+11
86,1.08459E+11,2.81653E+11
87,41641698590,4.0816E+11
88,38969002430,4.0816E+11
89,16696534480,3.9747E+11
90,14023838330,3.88561E+11
91,14914737040,3.99251E+11
92,14914737040,3.89451E+11
93,8678446018,4.07269E+11
94,14023838330,3.9836E+11
95,39859901150,4.12615E+11
96,50550685770,4.12615E+11
97,14914737040,3.96579E+11
98,14914737040,3.8767E+11
99,14023838330,3.76088E+11
100,14023838330,3.74306E+11
101,27387319100,2.97689E+11
102,21151028070,2.87889E+11
103,1.31622E+11,3.11052E+11
104,1.18259E+11,3.09271E+11
105,1.40531E+11,3.85888E+11
106,1.42313E+11,3.90342E+11
107,1.15586E+11,3.82324E+11
108,1.23604E+11,3.82324E+11
109,1.02223E+11,3.93906E+11
110,1.02223E+11,3.93906E+11
111,2.09131E+11,3.82324E+11
112,2.11803E+11,3.84106E+11
113,2.18931E+11,4.01924E+11
114,2.19821E+11,3.9747E+11
115,3.78401E+11,3.99251E+11
116,3.93547E+11,3.96579E+11
117,3.96219E+11,3.66288E+11
118,3.98892E+11,3.57379E+11
119,3.98892E+11,3.49361E+11
120,3.98892E+11,3.41343E+11
121,3.89983E+11,3.81433E+11
122,3.91765E+11,3.94797E+11
123,3.9711E+11,3.84106E+11
124,4.01565E+11,3.96579E+11
125,3.98001E+11,4.15287E+11
126,3.91765E+11,4.11724E+11
127,3.96219E+11,4.01033E+11
128,3.91765E+11,3.84997E+11
129,4.12256E+11,3.64506E+11
130,4.18492E+11,3.49361E+11
131,3.8731E+11,3.02143E+11
132,3.93547E+11,3.00362E+11
133,3.90874E+11,2.28199E+11
134,3.98892E+11,2.35326E+11
135,4.00674E+11,1.14164E+11
136,3.98892E+11,1.05255E+11
137,3.96219E+11,82091365000
138,3.89983E+11,76745972690
139,3.30293E+11,16164859850
140,3.41875E+11,15273961130
141,3.78401E+11,13492163700
142,3.8642E+11,13492163700
143,4.08692E+11,16164859850
144,4.12256E+11,16164859850
145,4.13146E+11,14383062420
146,3.98892E+11,16164859850
147,4.32746E+11,15273961130
148,4.28292E+11,28637441910
149,4.14928E+11,50909909860
150,4.14037E+11,60709795760
151,2.69712E+11,17946657290
152,2.66148E+11,12601264980
153,2.93766E+11,14383062420
154,2.85748E+11,17946657290
155,1.93094E+11,52691707300
156,1.76167E+11,49128112420
157,73714052440,26855644470
158,76386748600,17055758570
159,15805635760,25073847030
160,13132939610,20619353440
161,14023838330,55364403450
162,20260129350,54473504730
163,45205293460,1.44454E+11
164,55005179360,1.50691E+11
165,1.28059E+11,2.14835E+11
166,1.31622E+11,2.17508E+11
167,1.02223E+11,2.00581E+11
168,1.11132E+11,2.04144E+11
169,1.33404E+11,1.40891E+11
170,1.37859E+11,1.37327E+11
171,1.87749E+11,10819467540
172,1.83295E+11,10819467540
173,1.94876E+11,41110023960
174,1.97549E+11,39328226520
175,4.02456E+11,27746543190
176,4.09583E+11,22401150880
177,4.03347E+11,69618782940
178,4.03347E+11,92782149610
179,3.51674E+11,1.06146E+11
180,3.54347E+11,1.08818E+11
181,3.73947E+11,1.09709E+11
182,3.49893E+11,1.07037E+11
183,3.60583E+11,1.35545E+11
184,3.60583E+11,1.35545E+11
185,3.56129E+11,1.23964E+11
186,3.40093E+11,1.39109E+11
187,3.82856E+11,2.16617E+11
188,3.9711E+11,2.16617E+11
189,3.89983E+11,3.3867E+11
190,3.95328E+11,3.5827E+11
191,3.8731E+11,4.01924E+11
192,3.92656E+11,3.88561E+11
193,3.83747E+11,3.84106E+11
194,3.90874E+11,3.84997E+11
195,3.79292E+11,3.78761E+11
196,3.8642E+11,3.93906E+11
197,3.96219E+11,3.84997E+11
198,3.99783E+11,3.7787E+11
199,4.01565E+11,3.7787E+11
200,3.99783E+11,3.85888E+11
201,3.89092E+11,3.66288E+11
202,3.79292E+11,3.67179E+11
203,4.02456E+11,3.84997E+11
204,4.14928E+11,3.91233E+11
205,4.19383E+11,3.66288E+11
206,4.27401E+11,3.85888E+11
207,4.11365E+11,4.14397E+11
208,4.08692E+11,4.13506E+11
209,4.07801E+11,3.99251E+11
210,4.15819E+11,3.99251E+11
211,3.57911E+11,4.06378E+11
212,3.42765E+11,4.03706E+11
213,3.80183E+11,4.02815E+11
214,3.52565E+11,3.96579E+11
215,3.12475E+11,3.92124E+11
216,3.02675E+11,3.85888E+11
217,2.88421E+11,3.72524E+11
218,2.45658E+11,3.1818E+11
219,3.67711E+11,2.93234E+11
220,3.70383E+11,2.73635E+11
221,3.81965E+11,1.75636E+11
222,3.81965E+11,1.71181E+11
223,3.98892E+11,23292049600
224,3.94438E+11,14383062420
225,4.07801E+11,20619353440
226,4.09583E+11,14383062420
227,4.12256E+11,18837556010
228,4.02456E+11,16164859850
229,3.84638E+11,20619353440
230,3.77511E+11,20619353440
231,3.13366E+11,74073276530
232,3.02675E+11,89218554740
233,3.2762E+11,1.07037E+11
234,3.2762E+11,1.06146E+11
235,3.99783E+11,90109453460
236,4.01565E+11,1.498E+11
237,4.04237E+11,3.21743E+11
238,3.91765E+11,3.33325E+11
239,3.85529E+11,3.6807E+11
240,3.8731E+11,3.84997E+11
241,3.73947E+11,3.93015E+11
242,3.67711E+11,3.89451E+11
243,3.80183E+11,3.9747E+11
244,3.8642E+11,3.90342E+11
245,3.73947E+11,3.94797E+11
246,3.79292E+11,3.88561E+11
247,4.09583E+11,3.93906E+11
248,4.09583E+11,3.93906E+11
249,4.01565E+11,3.94797E+11
250,3.55238E+11,4.06378E+11
251,3.13366E+11,3.80542E+11
252,3.06239E+11,3.75197E+11
253,2.65257E+11,3.74306E+11
254,2.37639E+11,3.9747E+11
255,2.11803E+11,4.06378E+11
256,1.53004E+11,4.11724E+11
257,25605521660,3.9747E+11
258,18478331920,3.93015E+11
259,9569344736,3.56488E+11
260,15805635760,3.49361E+11
261,18478331920,3.30652E+11
262,17587433200,3.1907E+11
263,14914737040,3.20852E+11
264,16696534480,3.21743E+11
265,4223952427,3.34216E+11
266,13132939610,3.51143E+11
267,13132939610,3.35997E+11
268,4223952427,3.53815E+11
269,15805635760,3.65397E+11
270,20260129350,3.90342E+11
271,21151028070,3.9747E+11
272,26496420380,3.8767E+11
273,9569344736,3.89451E+11
274,16696534480,3.9747E+11
275,26496420380,4.01924E+11
276,33623610130,3.85888E+11
277,8678446018,4.06378E+11
278,7787547299,4.09051E+11
279,13132939610,4.12615E+11
280,13132939610,4.12615E+11
281,12242040890,4.05488E+11
282,22041926790,3.78761E+11
283,21151028070,3.27979E+11
284,14914737040,3.41343E+11
285,11351142170,3.93015E+11
286,46987090900,4.05488E+11
287,70150457570,3.93906E+11
288,72823153720,3.93906E+11
289,79059444750,3.83215E+11
290,60350571670,3.39561E+11
291,53223381920,3.17289E+11
292,69259558850,3.22634E+11
293,68368660130,3.11052E+11
294,1.2895E+11,3.47579E+11
295,1.53895E+11,3.7787E+11
296,2.73275E+11,3.94797E+11
297,3.4722E+11,3.85888E+11
298,3.92656E+11,3.81433E+11
299,3.95328E+11,3.64506E+11
300,4.00674E+11,3.4847E+11
301,4.08692E+11,3.69852E+11
302,4.05128E+11,3.59161E+11
303,3.91765E+11,3.56488E+11
304,3.98892E+11,3.52925E+11
305,3.88201E+11,3.53815E+11
306,3.9711E+11,3.59161E+11
307,4.02456E+11,3.34216E+11
308,3.92656E+11,3.50252E+11
309,4.00674E+11,3.69852E+11
310,4.10474E+11,3.83215E+11
311,3.92656E+11,3.96579E+11
312,4.06019E+11,3.44906E+11
313,3.32966E+11,4.04597E+11
314,3.40984E+11,4.0816E+11
315,3.59693E+11,4.10833E+11
316,3.79292E+11,4.14397E+11
317,3.90874E+11,4.13506E+11
318,4.05128E+11,4.13506E+11
319,4.01565E+11,4.01924E+11
320,3.19602E+11,4.06378E+11
321,3.81074E+11,4.17069E+11
322,3.78401E+11,4.09942E+11
323,3.04457E+11,3.84997E+11
324,2.96439E+11,3.84106E+11
325,2.8753E+11,3.9836E+11
326,2.78621E+11,3.9747E+11
327,2.32294E+11,3.74306E+11
328,3.0802E+11,3.27089E+11
329,3.8731E+11,2.46908E+11
330,3.88201E+11,2.37108E+11
331,3.00893E+11,1.58709E+11
332,3.08911E+11,1.54254E+11
333,2.91093E+11,83873162430
334,2.88421E+11,68727884220
335,3.89092E+11,38437327810
336,3.96219E+11,28637441910
337,3.72165E+11,37546429090
338,3.7662E+11,39328226520
339,3.78401E+11,25073847030
340,4.13146E+11,17055758570
341,4.09583E+11,9037670108
342,4.09583E+11,65164289350
343,4.15819E+11,50909909860
344,4.30964E+11,64273390630
345,3.91765E+11,10819467540
346,3.8642E+11,16164859850
347,3.9711E+11,14383062420
348,4.00674E+11,16164859850
349,4.18492E+11,88327656020
350,4.09583E+11,88327656020
351,3.84638E+11,1.27527E+11
352,3.81074E+11,1.25745E+11
353,3.68602E+11,1.65836E+11
354,3.63256E+11,1.75636E+11
355,3.95328E+11,2.95016E+11
356,4.0691E+11,2.95907E+11
357,3.92656E+11,3.81433E+11
358,3.90874E+11,3.93015E+11
359,3.98892E+11,3.96579E+11
360,3.82856E+11,3.93906E+11
361,3.79292E+11,3.89451E+11
362,3.8731E+11,3.96579E+11
363,3.88201E+11,3.8767E+11
364,3.89983E+11,3.95688E+11
365,4.03347E+11,3.93015E+11
366,3.92656E+11,3.90342E+11
367,4.05128E+11,4.01033E+11
368,3.93547E+11,3.8767E+11
369,3.8642E+11,3.96579E+11
370,3.83747E+11,4.02815E+11
371,3.99783E+11,3.8767E+11
372,3.94438E+11,3.79652E+11
373,3.79292E+11,3.7787E+11
374,3.38311E+11,3.84997E+11
375,3.34747E+11,3.86779E+11
376,3.46329E+11,3.70743E+11
377,3.24947E+11,3.1818E+11
378,3.03566E+11,2.58489E+11
379,2.79512E+11,2.25526E+11
380,2.71494E+11,2.32653E+11
381,1.84185E+11,2.07708E+11
382,2.02894E+11,2.08599E+11
383,9569344736,1.08818E+11
384,15805635760,1.14164E+11
385,15805635760,78527770120
386,20260129350,71400580380
387,14914737040,88327656020
388,18478331920,1.008E+11
389,22041926790,91000352180
390,20260129350,1.05255E+11
391,25605521660,89218554740
392,19369230640,83873162430
393,25605521660,99909339360
394,30060015250,90109453460
395,14914737040,1.71181E+11
396,14023838330,1.87217E+11
397,18478331920,2.46908E+11
398,22041926790,2.56708E+11
399,23823724230,3.61834E+11
400,19369230640,3.82324E+11
401,9569344736,4.11724E+11
402,14914737040,4.01033E+11
403,14914737040,4.03706E+11
404,66586862700,4.04597E+11
405,1.28059E+11,3.43125E+11
406,1.25386E+11,3.61834E+11
407,1.36077E+11,3.33325E+11
408,1.42313E+11,3.27089E+11
409,90641128090,3.09271E+11
410,36296306280,3.19961E+11
411,37187205000,2.55817E+11
412,33623610130,2.54035E+11
413,23823724230,1.93454E+11
414,22041926790,81200466280
415,17587433200,41110023960
416,15805635760,25964745750
417,31841812690,36655530370
418,32732711410,19728454730
419,17587433200,23292049600
420,31841812690,20619353440
421,22041926790,25964745750
422,35405407560,31310138060
423,17587433200,70509681660
424,14914737040,58927998320
425,37187205000,31310138060
426,62132369110,23292049600
427,1.77949E+11,43782720120
428,1.99331E+11,1.106E+11
429,1.57459E+11,1.22182E+11
430,1.57459E+11,1.23964E+11
431,1.4855E+11,1.13273E+11
432,2.43876E+11,57146200890
433,3.63256E+11,31310138060
434,3.95328E+11,55364403450
435,4.14037E+11,67836985500
436,4.0691E+11,1.17727E+11
437,3.98892E+11,2.11272E+11
438,4.01565E+11,2.18399E+11
439,3.9711E+11,2.86107E+11
440,3.85529E+11,3.86779E+11
441,3.88201E+11,3.74306E+11
442,3.84638E+11,3.74306E+11
443,3.84638E+11,3.81433E+11
444,4.03347E+11,3.76979E+11
445,4.10474E+11,3.66288E+11
446,4.05128E+11,3.70743E+11
447,4.05128E+11,3.72524E+11
448,4.04237E+11,3.83215E+11
449,4.0691E+11,3.7787E+11
450,3.89092E+11,3.27089E+11
451,3.64147E+11,3.00362E+11
452,3.5702E+11,3.04816E+11
453,3.54347E+11,3.23525E+11
454,3.62365E+11,3.27089E+11
455,3.60583E+11,3.13725E+11
456,3.85529E+11,3.10161E+11
457,4.09583E+11,2.83434E+11
458,4.08692E+11,2.9858E+11
459,4.14928E+11,3.11052E+11
460,3.65929E+11,2.83434E+11
461,3.74838E+11,3.06598E+11
462,3.20493E+11,3.93015E+11
463,3.24947E+11,4.05488E+11
464,3.40093E+11,3.93906E+11
465,4.02456E+11,3.95688E+11
466,4.07801E+11,4.07269E+11
467,3.96219E+11,4.02815E+11
468,3.90874E+11,3.99251E+11
469,3.94438E+11,3.91233E+11
470,4.03347E+11,4.01033E+11
471,3.81965E+11,3.95688E+11
472,3.85529E+11,3.89451E+11
473,3.98892E+11,4.01033E+11
474,4.04237E+11,4.01924E+11
475,3.81965E+11,3.88561E+11
476,4.07801E+11,3.95688E+11
477,4.09583E+11,3.86779E+11
478,4.00674E+11,3.82324E+11
479,3.93547E+11,4.00142E+11
480,3.85529E+11,4.09051E+11
481,3.78401E+11,3.83215E+11
482,3.84638E+11,3.81433E+11
483,2.65257E+11,3.84997E+11
484,2.63475E+11,3.83215E+11
485,1.96658E+11,3.80542E+11
486,2.03785E+11,3.8767E+11
487,1.02223E+11,3.90342E+11
488,46987090900,3.85888E+11
489,62132369110,3.91233E+11
490,68368660130,3.85888E+11
491,66586862700,3.75197E+11
492,67477761410,3.81433E+11
493,75495849880,3.79652E+11
494,68368660130,3.99251E+11
495,79950343470,3.90342E+11
496,81732140910,4.00142E+11
497,76386748600,3.80542E+11
498,68368660130,3.94797E+11
499,78168546030,3.89451E+11
500,57677875520,3.85888E+11
501,76386748600,3.83215E+11
502,75495849880,3.82324E+11
503,79059444750,4.00142E+11
504,81732140910,3.8767E+11
505,77277647310,3.80542E+11
506,64805065260,3.85888E+11
507,87077533210,3.75197E+11
508,89750229370,3.94797E+11
509,1.17368E+11,4.09942E+11
510,67477761410,3.9836E+11
511,17587433200,3.92124E+11
512,19369230640,3.71633E+11
513,29169116530,3.17289E+11
514,24714622940,3.12834E+11
515,25605521660,2.95016E+11
516,23823724230,2.84325E+11
517,62132369110,2.97689E+11
518,1.1915E+11,2.83434E+11
519,30950913970,1.17727E+11
520,28278217820,1.08818E+11
521,26496420380,51800808580
522,21151028070,44673618830
523,16696534480,33982834220
524,15805635760,49128112420
525,26496420380,57146200890
526,18478331920,40219125240
527,24714622940,25964745750
528,30060015250,21510252160
529,73714052440,17055758570
530,83513938340,19728454730
531,25605521660,23292049600
532,30950913970,14383062420
533,14914737040,13492163700
534,14914737040,17055758570
535,22041926790,27746543190
536,30950913970,15273961130
537,16696534480,37546429090
538,1.26277E+11,31310138060
539,2.76839E+11,20619353440
540,2.83075E+11,25073847030
541,3.8642E+11,24182948320
542,4.03347E+11,20619353440
543,4.07801E+11,32201036780
544,4.14928E+11,27746543190
545,4.05128E+11,20619353440
546,4.09583E+11,30419239340
547,4.0691E+11,20619353440
548,3.91765E+11,20619353440
549,4.15819E+11,19728454730
550,3.96219E+11,21510252160
551,4.17601E+11,17055758570
552,4.22946E+11,21510252160
553,4.17601E+11,29528340620
554,4.09583E+11,31310138060
555,3.94438E+11,27746543190
556,3.9711E+11,18837556010
557,3.7662E+11,16164859850
558,4.09583E+11,53582606010
559,4.15819E+11,1.32873E+11
560,4.13146E+11,1.88999E+11
561,4.25619E+11,1.56036E+11
562,4.20274E+11,1.66727E+11
563,4.22055E+11,1.12382E+11
564,4.10474E+11,1.79199E+11
565,4.02456E+11,3.27979E+11
566,3.98892E+11,3.09271E+11
567,3.91765E+11,3.66288E+11
568,4.04237E+11,4.03706E+11
569,4.02456E+11,3.8767E+11
570,3.74838E+11,3.95688E+11
571,3.16039E+11,4.04597E+11
572,2.99111E+11,3.79652E+11
573,2.98221E+11,3.81433E+11
574,1.81513E+11,3.88561E+11
575,1.31622E+11,4.03706E+11
576,61241470390,3.92124E+11
577,34514508840,3.84997E+11
578,15805635760,3.63615E+11
579,18478331920,3.63615E+11
580,15805635760,3.79652E+11
581,49659787050,3.84997E+11
582,49659787050,3.76979E+11
583,45205293460,3.95688E+11
584,51441584490,3.90342E+11
585,19369230640,3.86779E+11
586,20260129350,4.04597E+11
587,60350571670,4.0816E+11
588,71932255010,4.12615E+11
589,64805065260,4.11724E+11
590,48768888330,4.02815E+11
591,26496420380,3.89451E+11
592,16696534480,3.84106E+11
593,31841812690,3.82324E+11
594,18478331920,3.78761E+11
595,21151028070,3.84106E+11
596,7787547299,3.93906E+11
597,26496420380,3.86779E+11
598,12242040890,3.65397E+11
599,8678446018,3.40452E+11
600,14023838330,3.22634E+11
601,14023838330,3.14616E+11
602,22932825510,2.94125E+11
603,6896648581,2.28199E+11
604,6005749863,1.66727E+11
605,16696534480,1.12382E+11
606,9569344736,1.47127E+11
607,15805635760,1.22182E+11
608,22041926790,88327656020
609,45205293460,1.41782E+11
610,1.30732E+11,1.64945E+11
611,1.42313E+11,1.76527E+11
612,1.90422E+11,1.71181E+11
613,1.69931E+11,1.13273E+11
614,2.4833E+11,58037099610
615,2.31403E+11,13492163700
616,2.39421E+11,20619353440
617,2.62585E+11,6364973953
618,3.25838E+11,58037099610
619,2.9733E+11,1.17727E+11
620,2.80403E+11,1.79199E+11
621,3.24057E+11,2.6918E+11
622,3.19602E+11,2.8878E+11
623,3.89983E+11,3.54706E+11
624,3.91765E+11,3.36888E+11
625,3.62365E+11,3.59161E+11
626,3.38311E+11,3.61834E+11
627,3.67711E+11,3.62724E+11
628,3.72165E+11,3.62724E+11
629,3.82856E+11,3.70743E+11
630,4.00674E+11,3.75197E+11
631,3.82856E+11,3.52925E+11
632,3.99783E+11,3.84997E+11
633,3.78401E+11,3.76088E+11
634,3.75729E+11,3.93015E+11
635,3.96219E+11,3.7787E+11
636,3.84638E+11,3.51143E+11
637,4.13146E+11,3.95688E+11
638,3.78401E+11,3.9747E+11
639,3.77511E+11,3.95688E+11
640,3.63256E+11,4.04597E+11
641,4.06019E+11,3.90342E+11
642,3.75729E+11,3.92124E+11
643,3.94438E+11,4.05488E+11
644,4.01565E+11,4.00142E+11
645,4.08692E+11,3.76979E+11
646,3.59693E+11,3.90342E+11
647,4.01565E+11,4.07269E+11
648,4.15819E+11,4.07269E+11
649,4.14037E+11,3.79652E+11
650,4.01565E+11,3.67179E+11
651,3.99783E+11,4.0816E+11
652,4.06019E+11,3.45797E+11
653,3.88201E+11,2.79871E+11
654,3.67711E+11,2.3889E+11
655,3.6682E+11,1.37327E+11
656,3.6682E+11,1.21291E+11
657,2.00222E+11,1.27527E+11
658,2.07349E+11,1.29309E+11
659,2.07349E+11,68727884220
660,2.06458E+11,48237213710
661,1.4855E+11,82091365000
662,1.31622E+11,91891250890
663,1.27168E+11,87436757300
664,56786976800,53582606010
665,63023267820,51800808580
666,54114280640,69618782940
667,1.06677E+11,1.77418E+11
668,1.00441E+11,1.67618E+11
669,1.28059E+11,1.81872E+11
670,1.36968E+11,2.33544E+11
671,71041356290,2.8878E+11
672,72823153720,3.01252E+11
673,31841812690,2.6918E+11
674,42532597310,2.81653E+11
675,79059444750,2.66507E+11
676,69259558850,2.54035E+11
677,36296306280,1.64054E+11
678,36296306280,1.41782E+11
679,31841812690,1.07927E+11
680,14914737040,96345744490
681,23823724230,66946086790
682,30950913970,44673618830
683,25605521660,10819467540
684,18478331920,9037670108
685,33623610130,15273961130
686,21151028070,25073847030
687,22041926790,15273961130
688,15805635760,33091935500
689,19369230640,14383062420
690,22041926790,35764631650
691,69259558850,21510252160
692,1.34295E+11,45564517550
693,1.32513E+11,44673618830
694,1.28059E+11,36655530370
695,1.93985E+11,32201036780
696,1.7884E+11,25964745750
697,1.67258E+11,18837556010
698,1.68149E+11,15273961130
699,1.70822E+11,18837556010
700,1.54786E+11,17055758570
701,1.45877E+11,17946657290
702,1.99331E+11,25073847030
703,2.33185E+11,56255302170
704,3.1782E+11,44673618830
705,4.14037E+11,40219125240
706,4.08692E+11,46455416270
707,3.98001E+11,60709795760
708,4.05128E+11,82091365000
709,4.06019E+11,77636871400
710,4.03347E+11,73182377810
711,4.10474E+11,77636871400
712,4.13146E+11,58037099610
713,4.10474E+11,74964175250
714,4.29183E+11,31310138060
715,4.40764E+11,11710366260
716,4.37201E+11,7255872671
717,4.3631E+11,5474075235
718,4.22055E+11,10819467540
719,4.29183E+11,16164859850
720,4.18492E+11,24182948320
721,3.99783E+11,74964175250
722,3.98001E+11,1.4E+11
723,3.8731E+11,2.0949E+11
724,4.09583E+11,2.64726E+11
725,3.89983E+11,3.03034E+11
726,3.9711E+11,2.86107E+11
727,3.69492E+11,2.93234E+11
728,3.38311E+11,3.15507E+11
729,3.1782E+11,4.00142E+11
730,3.14257E+11,4.04597E+11
731,2.81293E+11,3.95688E+11
732,3.05348E+11,3.95688E+11
733,3.52565E+11,4.10833E+11
734,3.67711E+11,4.01033E+11
735,3.49893E+11,3.93906E+11
736,3.50784E+11,4.09942E+11
737,3.59693E+11,3.9836E+11
738,3.52565E+11,3.83215E+11
739,3.55238E+11,3.91233E+11
740,3.55238E+11,4.01924E+11
741,3.39202E+11,4.01924E+11
742,3.50784E+11,3.94797E+11
743,3.81965E+11,4.06378E+11
744,3.70383E+11,4.20633E+11
745,3.58802E+11,4.10833E+11
746,3.74838E+11,3.9836E+11
747,4.05128E+11,4.0816E+11
748,3.94438E+11,3.45797E+11
749,3.83747E+11,3.21743E+11
750,3.49002E+11,3.23525E+11
751,3.59693E+11,3.19961E+11
752,3.36529E+11,3.39561E+11
753,3.40093E+11,3.36888E+11
754,3.6682E+11,3.07489E+11
755,4.02456E+11,2.97689E+11
756,3.9711E+11,2.52253E+11
757,3.98892E+11,2.35326E+11
758,4.06019E+11,2.18399E+11
759,3.89983E+11,1.40891E+11
760,3.83747E+11,1.19509E+11
761,3.24057E+11,1.55145E+11
762,3.32075E+11,1.56036E+11
763,3.06239E+11,1.57818E+11
764,3.36529E+11,1.67618E+11
765,3.0802E+11,1.63163E+11
766,3.38311E+11,1.7029E+11
767,3.04457E+11,1.73854E+11
768,3.3742E+11,1.83654E+11
769,3.19602E+11,2.37108E+11
770,3.38311E+11,1.47127E+11
771,3.98892E+11,93673048330
772,3.99783E+11,76745972690
773,3.61474E+11,17946657290
774,3.42765E+11,13492163700
775,3.16929E+11,47346314990
776,2.82184E+11,33982834220
777,3.20493E+11,35764631650
778,3.14257E+11,42000922680
779,2.85748E+11,34873732930
780,2.75057E+11,22401150880
781,3.00893E+11,27746543190
782,2.44767E+11,19728454730
783,2.53676E+11,9928568826
784,2.68821E+11,9928568826
785,2.53676E+11,9037670108
786,2.51894E+11,11710366260
787,2.72384E+11,12601264980
788,2.46548E+11,50909909860
789,2.14476E+11,29528340620
790,2.11803E+11,28637441910
791,1.47659E+11,25964745750
792,33623610130,19728454730
793,27387319100,63382491910
794,19369230640,80309567560
795,14914737040,66055188070
796,24714622940,51800808580
797,14023838330,50909909860
798,14023838330,62491593200
799,11351142170,46455416270
800,9569344736,18837556010
801,26496420380,85654959870
802,30060015250,2.27308E+11
803,36296306280,3.78761E+11
804,40750799870,3.73415E+11
805,48768888330,4.04597E+11
806,35405407560,4.04597E+11
807,18478331920,4.00142E+11
808,28278217820,3.90342E+11
809,28278217820,3.85888E+11
810,22041926790,4.09051E+11
811,20260129350,3.93015E+11
812,12242040890,3.70743E+11
813,48768888330,4.01033E+11
814,98659216550,4.01924E+11
815,1.62804E+11,3.90342E+11
816,1.90422E+11,3.93906E+11
817,1.77058E+11,3.79652E+11
818,1.92204E+11,3.83215E+11
819,1.74386E+11,4.03706E+11
820,1.81513E+11,3.76088E+11
821,1.8864E+11,3.76088E+11
822,1.54786E+11,3.76088E+11
823,1.56568E+11,4.00142E+11
824,1.76167E+11,4.02815E+11
825,1.67258E+11,3.96579E+11
826,1.46768E+11,3.95688E+11
827,1.29841E+11,3.54706E+11
828,1.21823E+11,3.35107E+11
829,1.37859E+11,2.89671E+11
830,1.69931E+11,2.84325E+11
831,2.69712E+11,3.82324E+11
832,2.84857E+11,3.80542E+11
833,3.44547E+11,3.8767E+11
834,3.39202E+11,3.85888E+11
835,3.11584E+11,3.35107E+11
836,3.92656E+11,3.10161E+11
837,4.01565E+11,3.7787E+11
838,3.99783E+11,3.7787E+11
839,4.03347E+11,3.93015E+11
840,3.89983E+11,3.90342E+11
841,3.8731E+11,3.88561E+11
842,3.99783E+11,3.88561E+11
843,3.90874E+11,3.91233E+11
844,4.03347E+11,3.93015E+11
845,3.91765E+11,3.85888E+11
846,3.93547E+11,4.05488E+11
847,4.0691E+11,3.94797E+11
848,4.02456E+11,3.88561E+11
849,3.94438E+11,4.09942E+11
850,4.03347E+11,3.27089E+11
851,3.94438E+11,2.81653E+11
852,3.94438E+11,2.54926E+11
853,4.02456E+11,2.37999E+11
854,4.00674E+11,2.01472E+11
855,4.00674E+11,1.87217E+11
856,4.06019E+11,1.78308E+11
857,3.81965E+11,1.96126E+11
858,3.81074E+11,1.96126E+11
859,3.00002E+11,2.47799E+11
860,3.01784E+11,2.62053E+11
861,2.78621E+11,2.44235E+11
862,2.07349E+11,1.53363E+11
863,2.07349E+11,1.05255E+11
864,1.76167E+11,75855073970
865,1.26277E+11,31310138060
866,93313824240,13492163700
867,66586862700,17946657290
868,19369230640,25964745750
869,13132939610,32201036780
870,13132939610,17055758570
871,31841812690,42000922680
872,37187205000,64273390630
873,55005179360,1.41782E+11
874,36296306280,2.17508E+11
875,54114280640,2.06817E+11
876,63914166540,2.16617E+11
877,1.17368E+11,1.57818E+11
878,1.35186E+11,1.498E+11
879,97768317830,96345744490
880,1.04005E+11,50019011140
881,96877419110,24182948320
882,85295735780,13492163700
883,60350571670,28637441910
884,1.72604E+11,46455416270
885,1.92204E+11,2.06817E+11
886,1.95767E+11,1.8009E+11
887,2.01113E+11,2.18399E+11
888,2.46548E+11,2.07708E+11
889,2.73275E+11,1.31982E+11
890,3.94438E+11,57146200890
891,4.0691E+11,33982834220
892,4.15819E+11,21510252160
893,3.98892E+11,19728454730
894,4.13146E+11,4583176517
895,4.14928E+11,15273961130
896,3.98892E+11,17055758570
897,3.98001E+11,13492163700
898,4.21165E+11,9928568826
899,4.38092E+11,13492163700
900,4.22946E+11,9928568826
901,4.15819E+11,20619353440
902,4.27401E+11,17055758570
903,4.08692E+11,58037099610
904,4.17601E+11,73182377810
905,4.17601E+11,68727884220
906,4.0691E+11,49128112420
907,4.09583E+11,54473504730
908,3.69492E+11,1.47127E+11
909,3.73947E+11,1.40891E+11
910,3.6682E+11,1.54254E+11
911,3.49002E+11,1.23964E+11
912,3.49002E+11,1.21291E+11
913,3.61474E+11,1.4E+11
914,3.65929E+11,1.27527E+11
915,3.5702E+11,1.23073E+11
916,3.63256E+11,1.32873E+11
917,3.6682E+11,1.19509E+11
918,3.6682E+11,1.13273E+11
919,3.38311E+11,1.07927E+11
920,3.3742E+11,86545858590
921,3.49893E+11,65164289350
922,3.39202E+11,19728454730
923,3.24057E+11,11710366260
924,3.69492E+11,20619353440
925,4.0691E+11,37546429090
926,4.15819E+11,44673618830
927,3.89983E+11,1.09709E+11
928,4.04237E+11,1.24855E+11
