t,x,y
2.120000000E1,7.941605839E1,2.111532847E2
2.160000000E1,6.727007299E1,1.915328467E2
2.200000000E1,7.334306569E1,1.686423358E2
2.240000000E1,7.100729927E1,1.728467153E2
2.280000000E1,7.941605839E1,1.499562044E2
2.320000000E1,1.097810219E2,1.466861314E2
2.360000000E1,1.111824818E2,1.508905109E2
2.400000000E1,8.735766423E1,1.317372263E2
2.440000000E1,7.614598540E1,1.191240876E2
2.480000000E1,7.941605839E1,1.214598540E2
2.520000000E1,8.595620438E1,9.903649635E1
2.560000000E1,9.343065693E1,8.969343066E1
2.600000000E1,9.529927007E1,8.595620438E1
2.640000000E1,1.032408759E2,4.251094891E1
2.680000000E1,1.177226277E2,2.849635036E1
2.720000000E1,1.172554745E2,2.382481752E1
2.760000000E1,1.462189781E2,1.027737226E1
2.800000000E1,1.308029197E2,5.605839416E0
2.840000000E1,1.326715328E2,6.540145985E0
2.880000000E1,8.455474453E1,2.289051095E1
2.920000000E1,6.540145985E1,1.868613139E1
2.960000000E1,6.259854015E1,1.868613139E1
3.000000000E1,2.943065693E1,1.635036496E1
3.040000000E1,2.849635036E1,4.671532847E0
3.080000000E1,2.802919708E1,5.605839416E0
3.120000000E1,3.877372263E1,4.671532847E0
3.160000000E1,5.045255474E1,4.204379562E0
3.200000000E1,5.091970803E1,6.072992701E0
3.240000000E1,7.614598540E1,7.007299270E0
3.280000000E1,7.708029197E1,1.121167883E1
3.320000000E1,7.474452555E1,1.354744526E1
3.360000000E1,5.559124088E1,1.167883212E1
3.400000000E1,2.522627737E1,2.055474453E1
3.440000000E1,2.008759124E1,2.522627737E1
3.480000000E1,7.007299270E0,2.382481752E1
3.520000000E1,9.810218978E0,3.970802920E1
3.560000000E1,6.072992701E0,4.624817518E1
3.600000000E1,1.401459854E1,1.009051095E2
3.640000000E1,1.167883212E1,1.275328467E2
3.680000000E1,1.167883212E1,1.308029197E2
3.720000000E1,1.261313869E1,1.962043796E2
3.760000000E1,1.167883212E1,2.074160584E2
3.800000000E1,1.308029197E1,2.097518248E2
3.840000000E1,1.588321168E1,2.158248175E2
3.880000000E1,1.354744526E1,2.106861314E2
3.920000000E1,1.027737226E1,2.102189781E2
3.960000000E1,7.007299270E0,2.097518248E2
4.000000000E1,2.989781022E1,2.092846715E2
4.040000000E1,3.129927007E1,2.172262774E2
4.080000000E1,7.334306569E1,2.092846715E2
4.120000000E1,1.055766423E2,2.102189781E2
4.160000000E1,1.116496350E2,2.102189781E2
4.200000000E1,1.868613139E2,2.083503650E2
4.240000000E1,2.064817518E2,2.134890511E2
4.280000000E1,2.060145985E2,2.134890511E2
4.320000000E1,2.074160584E2,2.176934307E2
4.360000000E1,2.092846715E2,2.181605839E2
4.400000000E1,2.092846715E2,2.181605839E2
4.440000000E1,1.962043796E2,1.854598540E2
4.480000000E1,1.798540146E2,1.462189781E2
4.520000000E1,1.789197080E2,1.387445255E2
4.560000000E1,1.761167883E2,5.512408759E1
4.600000000E1,1.742481752E2,1.728467153E1
4.640000000E1,1.742481752E2,1.635036496E1
4.680000000E1,2.046131387E2,1.167883212E1
4.720000000E1,2.120875912E2,1.027737226E1
4.760000000E1,2.125547445E2,8.408759124E0
4.800000000E1,2.111532847E2,1.074452555E1
4.840000000E1,2.130218978E2,1.448175182E1
4.880000000E1,2.139562044E2,1.167883212E1
4.920000000E1,2.074160584E2,7.661313869E1
4.960000000E1,2.069489051E2,1.093138686E2
5.000000000E1,2.064817518E2,1.107153285E2
5.040000000E1,2.050802920E2,1.877956204E2
5.080000000E1,2.032116788E2,2.162919708E2
5.120000000E1,2.032116788E2,2.162919708E2
5.160000000E1,1.518248175E2,1.948029197E2
5.200000000E1,1.013722628E2,1.938686131E2
5.240000000E1,9.670072993E1,1.962043796E2
5.280000000E1,2.709489051E1,1.929343066E2
5.320000000E1,2.335766423E1,1.649051095E2
5.360000000E1,2.008759124E1,1.588321168E2
5.400000000E1,9.810218978E0,2.018102190E2
5.440000000E1,1.214598540E1,2.078832117E2
5.480000000E1,1.214598540E1,2.078832117E2
5.520000000E1,1.214598540E1,2.078832117E2
5.560000000E1,7.147445255E1,2.158248175E2
5.600000000E1,5.886131387E1,2.190948905E2
5.640000000E1,2.709489051E1,2.172262774E2
5.680000000E1,5.605839416E0,2.116204380E2
5.720000000E1,5.605839416E0,2.106861314E2
5.760000000E1,3.737226277E0,2.060145985E2
5.800000000E1,4.204379562E0,2.027445255E2
5.840000000E1,5.138686131E0,1.976058394E2
5.880000000E1,1.074452555E1,2.032116788E2
5.920000000E1,1.074452555E1,1.756496350E2
5.960000000E1,1.167883212E1,1.667737226E2
6.000000000E1,1.121167883E1,8.595620438E1
6.040000000E1,1.821897810E1,5.232116788E1
6.080000000E1,1.728467153E1,4.578102190E1
6.120000000E1,1.448175182E1,1.308029197E1
6.160000000E1,6.072992701E0,1.915328467E1
6.200000000E1,6.072992701E0,1.915328467E1
6.240000000E1,3.737226277E0,4.110948905E1
6.280000000E1,4.671532847E0,4.110948905E1
6.320000000E1,4.671532847E0,4.110948905E1
6.360000000E1,4.671532847E0,4.110948905E1
6.400000000E1,1.448175182E1,4.671532847E0
6.440000000E1,1.494890511E1,7.474452555E0
6.480000000E1,1.588321168E1,6.540145985E0
6.520000000E1,6.026277372E1,7.941605839E0
6.560000000E1,6.400000000E1,6.540145985E0
6.600000000E1,6.913868613E1,4.017518248E1
6.640000000E1,6.773722628E1,4.578102190E1
6.680000000E1,1.060437956E2,7.240875912E1
6.720000000E1,1.779854015E2,1.167883212E2
6.760000000E1,2.004087591E2,1.172554745E2
6.800000000E1,2.055474453E2,1.303357664E2
6.840000000E1,1.891970803E2,4.017518248E1
6.880000000E1,2.008759124E2,6.072992701E0
6.920000000E1,2.064817518E2,5.605839416E0
6.960000000E1,1.555620438E2,1.588321168E1
7.000000000E1,1.462189781E2,3.924087591E1
7.040000000E1,1.466861314E2,4.251094891E1
7.080000000E1,5.792700730E1,6.119708029E1
7.120000000E1,2.943065693E1,6.493430657E1
7.160000000E1,2.709489051E1,6.493430657E1
7.200000000E1,1.588321168E1,4.578102190E1
7.240000000E1,1.868613139E1,8.875912409E0
7.280000000E1,1.868613139E1,8.875912409E0
7.320000000E1,2.055474453E1,9.343065693E0
7.360000000E1,2.242335766E1,9.343065693E0
7.400000000E1,2.148905109E1,9.343065693E0
7.440000000E1,1.401459854E1,1.027737226E1
7.480000000E1,9.343065693E0,4.297810219E1
7.520000000E1,1.074452555E1,5.699270073E1
7.560000000E1,1.027737226E1,1.476204380E2
7.600000000E1,3.737226277E0,1.564963504E2
7.640000000E1,4.671532847E0,1.499562044E2
7.680000000E1,1.121167883E1,1.733138686E2
7.720000000E1,1.681751825E1,1.952700730E2
7.760000000E1,1.635036496E1,1.966715328E2
7.800000000E1,2.055474453E1,2.046131387E2
7.840000000E1,3.550364964E1,2.064817518E2
7.880000000E1,5.091970803E1,2.064817518E2
7.920000000E1,8.221897810E1,1.709781022E2
7.960000000E1,1.088467153E2,1.962043796E2
8.000000000E1,1.139854015E2,1.896642336E2
8.040000000E1,1.527591241E2,2.069489051E2
8.080000000E1,1.616350365E2,2.120875912E2
8.120000000E1,1.625693431E2,2.102189781E2
8.160000000E1,1.957372263E2,2.125547445E2
8.200000000E1,1.980729927E2,2.134890511E2
8.240000000E1,2.046131387E2,2.125547445E2
8.280000000E1,2.046131387E2,2.125547445E2
8.320000000E1,2.069489051E2,2.148905109E2
8.360000000E1,2.027445255E2,1.901313869E2
8.400000000E1,2.008759124E2,1.821897810E2
8.440000000E1,2.120875912E2,1.079124088E2
8.480000000E1,2.055474453E2,7.894890511E1
8.520000000E1,2.106861314E2,4.017518248E1
8.560000000E1,2.083503650E2,6.072992701E0
8.600000000E1,2.083503650E2,7.474452555E0
8.640000000E1,2.247007299E2,6.072992701E0
8.680000000E1,2.102189781E2,1.868613139E0
8.720000000E1,2.102189781E2,3.737226277E0
8.760000000E1,1.868613139E2,1.962043796E1
8.800000000E1,1.719124088E2,2.195620438E1
8.840000000E1,1.667737226E2,1.962043796E1
8.880000000E1,1.635036496E2,2.569343066E1
8.920000000E1,1.700437956E2,2.849635036E1
8.960000000E1,1.681751825E2,3.503649635E1
9.000000000E1,1.658394161E2,3.690510949E1
9.040000000E1,1.658394161E2,3.690510949E1
9.080000000E1,1.653722628E2,3.550364964E1
9.120000000E1,1.653722628E2,3.550364964E1
9.160000000E1,1.649051095E2,2.475912409E1
9.200000000E1,1.649051095E2,2.522627737E1
9.240000000E1,1.653722628E2,2.569343066E1
9.280000000E1,1.583649635E2,2.429197080E1
9.320000000E1,1.541605839E2,2.148905109E1
9.360000000E1,1.522919708E2,2.055474453E1
9.400000000E1,1.336058394E2,1.775182482E1
9.440000000E1,1.037080292E2,1.401459854E1
9.480000000E1,8.362043796E1,1.121167883E1
9.520000000E1,4.110948905E1,1.962043796E1
9.560000000E1,1.915328467E1,1.494890511E1
9.600000000E1,1.261313869E1,1.261313869E1
9.640000000E1,1.448175182E1,9.810218978E0
9.680000000E1,2.662773723E1,9.810218978E0
9.720000000E1,1.821897810E1,2.102189781E1
9.760000000E1,1.541605839E1,2.569343066E1
9.800000000E1,3.924087591E1,5.372262774E1
9.840000000E1,3.597080292E1,1.130510949E2
9.880000000E1,3.456934307E1,1.345401460E2
9.920000000E1,3.410218978E1,1.359416058E2
9.960000000E1,4.671532847E0,1.373430657E2
1.000000000E2,5.605839416E0,1.382773723E2
1.004000000E2,2.055474453E1,1.387445255E2
1.008000000E2,1.074452555E2,1.448175182E2
1.012000000E2,1.093138686E2,1.209927007E2
1.016000000E2,1.093138686E2,1.186569343E2
1.020000000E2,7.381021898E1,9.296350365E1
1.024000000E2,5.652554745E1,7.287591241E1
1.028000000E2,5.091970803E1,6.633576642E1
1.032000000E2,5.091970803E1,5.325547445E1
1.036000000E2,3.690510949E1,6.306569343E1
1.040000000E2,3.690510949E1,6.259854015E1
1.044000000E2,2.569343066E1,6.306569343E1
1.048000000E2,1.354744526E1,6.213138686E1
1.052000000E2,1.728467153E1,6.633576642E1
1.056000000E2,7.007299270E1,5.465693431E1
1.060000000E2,6.773722628E1,5.465693431E1
1.064000000E2,6.820437956E1,4.718248175E1
1.068000000E2,8.268613139E1,1.354744526E1
1.072000000E2,1.172554745E2,1.308029197E1
1.076000000E2,1.186569343E2,1.261313869E1
1.080000000E2,1.644379562E2,8.875912409E0
1.084000000E2,1.630364964E2,1.868613139E0
1.088000000E2,1.621021898E2,1.868613139E0
1.092000000E2,1.756496350E2,7.474452555E0
1.096000000E2,2.004087591E2,9.343065693E0
1.100000000E2,2.041459854E2,1.214598540E1
1.104000000E2,2.041459854E2,1.214598540E1
1.108000000E2,2.209635036E2,8.875912409E0
1.112000000E2,2.214306569E2,1.261313869E1
1.116000000E2,2.237664234E2,1.308029197E1
1.120000000E2,1.910656934E2,9.202919708E1
1.124000000E2,1.863941606E2,1.116496350E2
1.128000000E2,2.027445255E2,1.607007299E2
1.132000000E2,2.036788321E2,1.635036496E2
1.136000000E2,2.078832117E2,1.691094891E2
1.140000000E2,1.938686131E2,1.630364964E2
1.144000000E2,1.532262774E2,1.214598540E2
1.148000000E2,1.504233577E2,1.214598540E2
1.152000000E2,5.605839416E1,1.214598540E2
1.156000000E2,3.036496350E1,1.242627737E2
1.160000000E2,2.662773723E1,1.233284672E2
1.164000000E2,4.344525547E1,9.062773723E1
1.168000000E2,4.204379562E1,8.408759124E1
1.172000000E2,3.503649635E1,6.913868613E1
1.176000000E2,5.559124088E1,6.586861314E1
1.180000000E2,4.858394161E1,6.306569343E1
1.184000000E2,4.624817518E1,4.578102190E1
1.188000000E2,4.624817518E1,4.578102190E1
1.192000000E2,4.951824818E1,3.503649635E1
1.196000000E2,5.512408759E1,2.989781022E1
1.200000000E2,5.605839416E1,2.802919708E1
1.204000000E2,5.278832117E1,1.013722628E2
1.208000000E2,5.232116788E1,1.037080292E2
1.212000000E2,2.429197080E1,1.420145985E2
1.216000000E2,1.541605839E1,1.504233577E2
1.220000000E2,1.635036496E1,1.546277372E2
1.224000000E2,1.214598540E1,2.069489051E2
1.228000000E2,6.540145985E0,2.102189781E2
1.232000000E2,6.540145985E0,2.102189781E2
1.236000000E2,6.540145985E0,2.102189781E2
1.240000000E2,6.540145985E0,2.102189781E2
1.244000000E2,8.408759124E0,2.092846715E2
1.248000000E2,1.775182482E1,2.036788321E2
1.252000000E2,2.008759124E1,2.046131387E2
1.256000000E2,2.102189781E1,2.050802920E2
1.260000000E2,2.102189781E1,2.050802920E2
1.264000000E2,4.951824818E1,2.046131387E2
1.268000000E2,4.998540146E1,2.027445255E2
1.272000000E2,4.998540146E1,2.027445255E2
1.276000000E2,4.531386861E1,1.233284672E2
1.280000000E2,4.297810219E1,1.233284672E2
1.284000000E2,4.064233577E1,1.256642336E2
1.288000000E2,4.064233577E1,1.256642336E2
1.292000000E2,3.316788321E1,1.354744526E2
1.296000000E2,2.756204380E1,1.438832117E2
1.300000000E2,2.335766423E1,1.443503650E2
1.304000000E2,2.709489051E1,1.457518248E2
1.308000000E2,2.756204380E1,1.438832117E2
1.312000000E2,8.408759124E1,1.107153285E2
1.316000000E2,9.249635036E1,6.913868613E1
1.320000000E2,1.023065693E2,5.886131387E1
1.324000000E2,9.856934307E1,4.624817518E1
1.328000000E2,9.856934307E1,4.718248175E1
1.332000000E2,9.856934307E1,4.718248175E1
1.336000000E2,8.268613139E1,4.064233577E1
1.340000000E2,8.315328467E1,5.372262774E1
1.344000000E2,8.502189781E1,5.465693431E1
1.348000000E2,8.642335766E1,5.699270073E1
1.352000000E2,8.642335766E1,5.699270073E1
1.356000000E2,8.128467153E1,6.306569343E1
1.360000000E2,7.614598540E1,6.306569343E1
1.364000000E2,7.988321168E1,7.194160584E1
1.368000000E2,1.153868613E2,4.811678832E1
1.372000000E2,1.158540146E2,3.456934307E1
1.376000000E2,1.186569343E2,1.728467153E1
1.380000000E2,1.340729927E2,1.588321168E1
1.384000000E2,1.438832117E2,1.261313869E1
1.388000000E2,1.438832117E2,1.261313869E1
1.392000000E2,2.060145985E2,1.214598540E1
1.396000000E2,2.046131387E2,1.214598540E1
1.400000000E2,2.046131387E2,1.214598540E1
1.404000000E2,2.046131387E2,1.214598540E1
1.408000000E2,2.144233577E2,7.474452555E0
1.412000000E2,2.153576642E2,8.408759124E0
1.416000000E2,2.153576642E2,8.408759124E0
1.420000000E2,2.078832117E2,3.737226277E1
1.424000000E2,2.055474453E2,3.550364964E1
1.428000000E2,1.518248175E2,6.446715328E1
1.432000000E2,1.340729927E2,8.081751825E1
1.436000000E2,1.317372263E2,8.735766423E1
1.440000000E2,1.102481752E2,1.205255474E2
1.444000000E2,1.018394161E2,1.354744526E2
1.448000000E2,9.670072993E1,1.429489051E2
1.452000000E2,9.062773723E1,1.840583942E2
1.456000000E2,8.642335766E1,2.158248175E2
1.460000000E2,8.642335766E1,2.158248175E2
1.464000000E2,1.079124088E2,2.167591241E2
1.468000000E2,1.242627737E2,2.130218978E2
1.472000000E2,1.373430657E2,2.120875912E2
1.476000000E2,1.420145985E2,2.130218978E2
1.480000000E2,1.457518248E2,2.158248175E2
1.484000000E2,1.462189781E2,2.158248175E2
1.488000000E2,1.462189781E2,2.158248175E2
1.492000000E2,1.957372263E2,1.952700730E2
1.496000000E2,2.013430657E2,2.190948905E2
1.500000000E2,2.055474453E2,2.195620438E2
1.504000000E2,2.036788321E2,1.985401460E2
1.508000000E2,2.036788321E2,1.934014599E2
1.512000000E2,2.027445255E2,1.896642336E2
1.516000000E2,2.046131387E2,1.812554745E2
1.520000000E2,2.060145985E2,1.728467153E2
1.524000000E2,2.055474453E2,1.569635036E2
1.528000000E2,2.055474453E2,1.504233577E2
1.532000000E2,2.032116788E2,1.023065693E2
1.536000000E2,2.060145985E2,1.023065693E2
1.540000000E2,2.046131387E2,9.389781022E1
1.544000000E2,2.050802920E2,7.941605839E1
1.548000000E2,2.069489051E2,7.381021898E1
1.552000000E2,2.092846715E2,4.811678832E1
1.556000000E2,2.158248175E2,2.242335766E1
1.560000000E2,2.148905109E2,1.354744526E1
1.564000000E2,1.877956204E2,1.308029197E1
1.568000000E2,1.821897810E2,1.074452555E1
1.572000000E2,1.457518248E2,4.531386861E1
1.576000000E2,1.303357664E2,5.091970803E1
1.580000000E2,1.303357664E2,5.138686131E1
1.584000000E2,1.298686131E2,5.091970803E1
1.588000000E2,8.969343066E1,3.597080292E1
1.592000000E2,8.175182482E1,3.783941606E1
1.596000000E2,2.475912409E1,2.148905109E1
1.600000000E2,1.821897810E1,1.915328467E1
1.604000000E2,1.728467153E1,1.728467153E1
1.608000000E2,4.671532847E1,1.261313869E1
1.612000000E2,6.913868613E1,9.343065693E0
1.616000000E2,6.586861314E1,7.474452555E0
1.620000000E2,6.586861314E1,7.474452555E0
1.624000000E2,3.410218978E1,1.401459854E1
1.628000000E2,2.989781022E1,1.308029197E1
1.632000000E2,2.802919708E1,1.261313869E1
1.636000000E2,2.148905109E1,1.167883212E1
1.640000000E2,2.055474453E1,1.401459854E1
1.644000000E2,2.008759124E1,1.401459854E1
1.648000000E2,2.008759124E1,1.868613139E1
1.652000000E2,2.382481752E1,1.448175182E1
1.656000000E2,2.382481752E1,1.448175182E1
1.660000000E2,3.597080292E1,1.214598540E1
1.664000000E2,6.306569343E1,1.308029197E1
1.668000000E2,6.727007299E1,1.121167883E1
1.672000000E2,1.088467153E2,1.915328467E1
1.676000000E2,1.041751825E2,6.072992701E0
1.680000000E2,9.716788321E1,6.072992701E0
1.684000000E2,9.389781022E1,7.474452555E0
1.688000000E2,9.016058394E1,7.474452555E0
1.692000000E2,8.735766423E1,9.810218978E0
1.696000000E2,8.782481752E1,9.810218978E0
1.700000000E2,9.016058394E1,1.167883212E1
1.704000000E2,9.016058394E1,1.167883212E1
1.708000000E2,9.109489051E1,1.681751825E1
1.712000000E2,6.820437956E1,4.998540146E1
1.716000000E2,4.437956204E1,8.035036496E1
1.720000000E2,3.363503650E1,9.716788321E1
1.724000000E2,2.662773723E1,9.903649635E1
1.728000000E2,2.756204380E1,9.903649635E1
1.732000000E2,2.335766423E1,9.763503650E1
1.736000000E2,3.550364964E1,1.004379562E2
1.740000000E2,3.643795620E1,1.037080292E2
1.744000000E2,4.905109489E1,1.060437956E2
1.748000000E2,4.718248175E1,9.716788321E1
1.752000000E2,4.858394161E1,1.055766423E2
1.756000000E2,2.008759124E1,4.858394161E1
1.760000000E2,1.494890511E1,1.915328467E1
1.764000000E2,1.541605839E1,1.635036496E1
1.768000000E2,1.261313869E1,1.088467153E2
1.772000000E2,1.308029197E1,1.116496350E2
1.776000000E2,1.494890511E1,1.434160584E2
1.780000000E2,1.167883212E1,1.621021898E2
1.784000000E2,1.214598540E1,1.649051095E2
1.788000000E2,5.605839416E0,1.485547445E2
1.792000000E2,8.875912409E0,1.588321168E2
1.796000000E2,9.343065693E0,1.625693431E2
1.800000000E2,2.382481752E1,1.574306569E2
1.804000000E2,3.363503650E1,1.476204380E2
1.808000000E2,3.597080292E1,1.466861314E2
1.812000000E2,3.643795620E1,1.466861314E2
1.816000000E2,4.204379562E1,1.401459854E2
1.820000000E2,4.204379562E1,1.401459854E2
1.824000000E2,4.157664234E1,1.396788321E2
1.828000000E2,3.176642336E1,1.177226277E2
1.832000000E2,2.802919708E1,1.102481752E2
1.836000000E2,2.943065693E1,1.121167883E2
1.840000000E2,2.849635036E1,1.121167883E2
1.844000000E2,2.569343066E1,1.111824818E2
1.848000000E2,2.569343066E1,1.111824818E2
1.852000000E2,2.475912409E1,1.111824818E2
1.856000000E2,3.363503650E1,1.223941606E2
1.860000000E2,9.810218978E0,1.821897810E2
1.864000000E2,1.261313869E1,1.915328467E2
1.868000000E2,1.775182482E1,2.111532847E2
1.872000000E2,1.775182482E1,2.111532847E2
1.876000000E2,4.251094891E1,2.111532847E2
1.880000000E2,6.633576642E1,2.064817518E2
1.884000000E2,6.633576642E1,2.162919708E2
1.888000000E2,5.652554745E1,2.200291971E2
1.892000000E2,5.325547445E1,2.195620438E2
1.896000000E2,5.325547445E1,2.195620438E2
1.900000000E2,1.359416058E2,2.134890511E2
1.904000000E2,1.200583942E2,2.148905109E2
1.908000000E2,1.527591241E2,2.134890511E2
1.912000000E2,1.569635036E2,2.176934307E2
1.916000000E2,1.480875912E2,2.223649635E2
1.920000000E2,1.471532847E2,2.200291971E2
1.924000000E2,1.691094891E2,2.181605839E2
1.928000000E2,1.863941606E2,2.153576642E2
1.932000000E2,1.971386861E2,2.167591241E2
1.936000000E2,2.008759124E2,2.172262774E2
1.940000000E2,2.055474453E2,2.172262774E2
1.944000000E2,2.055474453E2,2.162919708E2
1.948000000E2,1.849927007E2,1.644379562E2
1.952000000E2,1.896642336E2,1.602335766E2
1.956000000E2,1.948029197E2,1.443503650E2
1.960000000E2,1.980729927E2,1.392116788E2
1.964000000E2,1.985401460E2,1.214598540E2
1.968000000E2,2.032116788E2,1.219270073E2
1.972000000E2,1.826569343E2,1.392116788E2
1.976000000E2,1.705109489E2,1.438832117E2
1.980000000E2,1.625693431E2,1.452846715E2
1.984000000E2,1.602335766E2,1.462189781E2
1.988000000E2,1.644379562E2,1.480875912E2
1.992000000E2,1.653722628E2,1.480875912E2
1.996000000E2,1.742481752E2,1.569635036E2
2.000000000E2,1.798540146E2,1.733138686E2
2.004000000E2,1.854598540E2,1.719124088E2
2.008000000E2,1.784525547E2,1.658394161E2
2.012000000E2,1.728467153E2,1.658394161E2
2.016000000E2,1.719124088E2,1.653722628E2
2.020000000E2,1.831240876E2,1.013722628E2
2.024000000E2,1.891970803E2,6.680291971E1
2.028000000E2,1.807883212E2,4.905109489E1
2.032000000E2,1.770510949E2,2.802919708E1
2.036000000E2,1.677080292E2,2.055474453E1
2.040000000E2,1.541605839E2,1.635036496E1
2.044000000E2,1.326715328E2,1.308029197E1
2.048000000E2,1.237956204E2,1.261313869E1
2.052000000E2,1.144525547E2,1.027737226E1
2.056000000E2,1.139854015E2,1.027737226E1
2.060000000E2,1.139854015E2,1.027737226E1
2.064000000E2,1.139854015E2,1.121167883E1
2.068000000E2,1.237956204E2,1.401459854E1
2.072000000E2,1.237956204E2,1.401459854E1
2.076000000E2,1.237956204E2,1.401459854E1
2.080000000E2,1.275328467E2,2.662773723E1
2.084000000E2,1.275328467E2,3.176642336E1
2.088000000E2,1.270656934E2,3.643795620E1
2.092000000E2,1.406131387E2,2.802919708E1
2.096000000E2,1.518248175E2,2.522627737E1
2.100000000E2,1.532262774E2,2.616058394E1
2.104000000E2,1.172554745E2,1.962043796E1
2.108000000E2,8.969343066E1,1.074452555E1
2.112000000E2,7.708029197E1,1.308029197E1
2.116000000E2,5.792700730E1,1.308029197E1
2.120000000E2,4.437956204E1,9.343065693E0
2.124000000E2,3.690510949E1,8.408759124E0
2.128000000E2,2.569343066E1,1.027737226E1
2.132000000E2,1.821897810E1,9.343065693E0
2.136000000E2,1.448175182E1,9.343065693E0
2.140000000E2,2.569343066E1,2.008759124E1
2.144000000E2,2.616058394E1,2.008759124E1
2.148000000E2,2.616058394E1,2.008759124E1
2.152000000E2,3.316788321E1,1.121167883E1
2.156000000E2,3.550364964E1,9.343065693E0
2.160000000E2,3.643795620E1,8.875912409E0
2.164000000E2,3.643795620E1,8.875912409E0
2.168000000E2,1.728467153E1,8.221897810E1
2.172000000E2,1.681751825E1,8.081751825E1
2.176000000E2,2.102189781E1,1.280000000E2
2.180000000E2,2.102189781E1,1.331386861E2
2.184000000E2,1.588321168E1,1.635036496E2
2.188000000E2,1.494890511E1,1.723795620E2
2.192000000E2,1.448175182E1,1.677080292E2
2.196000000E2,1.588321168E1,1.677080292E2
2.200000000E2,1.821897810E1,1.877956204E2
2.204000000E2,2.102189781E1,2.153576642E2
2.208000000E2,2.102189781E1,2.116204380E2
2.212000000E2,4.344525547E1,2.060145985E2
2.216000000E2,7.708029197E1,2.130218978E2
2.220000000E2,7.988321168E1,2.120875912E2
2.224000000E2,1.032408759E2,2.134890511E2
2.228000000E2,1.308029197E2,2.116204380E2
2.232000000E2,1.256642336E2,1.845255474E2
2.236000000E2,1.181897810E2,1.765839416E2
2.240000000E2,1.177226277E2,1.644379562E2
2.244000000E2,1.251970803E2,1.452846715E2
2.248000000E2,1.270656934E2,1.415474453E2
2.252000000E2,1.322043796E2,1.336058394E2
2.256000000E2,1.223941606E2,1.420145985E2
2.260000000E2,1.205255474E2,1.508905109E2
2.264000000E2,1.186569343E2,1.490218978E2
2.268000000E2,1.191240876E2,1.490218978E2
2.272000000E2,1.181897810E2,1.536934307E2
2.276000000E2,1.181897810E2,1.536934307E2
2.280000000E2,1.181897810E2,1.536934307E2
2.284000000E2,1.177226277E2,1.564963504E2
2.288000000E2,1.177226277E2,1.564963504E2
2.292000000E2,1.177226277E2,1.564963504E2
2.296000000E2,1.635036496E2,1.350072993E2
2.300000000E2,1.709781022E2,1.303357664E2
2.304000000E2,1.821897810E2,1.261313869E2
2.308000000E2,2.004087591E2,1.009051095E2
2.312000000E2,1.994744526E2,8.782481752E1
2.316000000E2,2.022773723E2,7.147445255E1
2.320000000E2,2.041459854E2,6.446715328E1
2.324000000E2,2.078832117E2,5.512408759E1
2.328000000E2,2.125547445E2,4.017518248E1
2.332000000E2,2.130218978E2,3.877372263E1
2.336000000E2,2.167591241E2,2.195620438E1
2.340000000E2,1.980729927E2,2.195620438E1
2.344000000E2,1.938686131E2,1.494890511E1
2.348000000E2,1.896642336E2,1.635036496E1
2.352000000E2,1.868613139E2,1.635036496E1
2.356000000E2,1.840583942E2,2.102189781E1
2.360000000E2,1.831240876E2,2.195620438E1
2.364000000E2,1.831240876E2,2.195620438E1
2.368000000E2,1.831240876E2,2.195620438E1
2.372000000E2,1.831240876E2,2.195620438E1
2.376000000E2,1.831240876E2,2.195620438E1
2.380000000E2,1.831240876E2,2.195620438E1
2.384000000E2,1.831240876E2,2.195620438E1
2.388000000E2,1.831240876E2,2.195620438E1
2.392000000E2,1.831240876E2,2.195620438E1
2.396000000E2,1.835912409E2,2.522627737E1
2.400000000E2,1.835912409E2,2.522627737E1
2.404000000E2,1.835912409E2,2.569343066E1
2.408000000E2,1.952700730E2,2.709489051E1
2.412000000E2,1.971386861E2,2.756204380E1
2.420000000E2,1.728467153E2,5.699270073E1
2.424000000E2,1.915328467E2,6.353284672E1
2.428000000E2,1.934014599E2,6.540145985E1
2.432000000E2,1.976058394E2,7.194160584E1
2.436000000E2,2.111532847E2,8.268613139E1
2.444000000E2,2.008759124E2,7.754744526E1
2.448000000E2,2.050802920E2,4.718248175E1
2.452000000E2,2.060145985E2,3.643795620E1
2.456000000E2,2.078832117E2,2.195620438E1
2.460000000E2,2.078832117E2,2.242335766E1
2.464000000E2,2.078832117E2,2.242335766E1
2.468000000E2,2.078832117E2,2.242335766E1
2.472000000E2,2.074160584E2,2.289051095E1
2.480000000E2,2.069489051E2,2.335766423E1
2.484000000E2,2.069489051E2,2.335766423E1
2.488000000E2,2.069489051E2,2.335766423E1
2.492000000E2,2.069489051E2,2.335766423E1
2.496000000E2,1.948029197E2,3.550364964E1
2.500000000E2,1.541605839E2,1.962043796E1
2.504000000E2,1.345401460E2,1.728467153E1
2.508000000E2,1.172554745E2,1.868613139E1
2.512000000E2,8.362043796E1,1.588321168E1
2.516000000E2,5.278832117E1,1.775182482E1
2.520000000E2,4.764963504E1,1.868613139E1
2.524000000E2,3.083211679E1,1.868613139E1
2.528000000E2,2.662773723E1,1.588321168E1
2.532000000E2,2.522627737E1,1.541605839E1
2.536000000E2,2.382481752E1,1.494890511E1
2.540000000E2,2.382481752E1,1.494890511E1
2.544000000E2,2.382481752E1,1.494890511E1
2.548000000E2,2.382481752E1,1.494890511E1
2.552000000E2,1.494890511E1,4.905109489E1
2.556000000E2,1.494890511E1,4.905109489E1
2.560000000E2,1.401459854E1,6.540145985E1
2.564000000E2,1.401459854E1,6.540145985E1
2.568000000E2,1.448175182E1,5.839416058E1
2.572000000E2,2.055474453E1,7.894890511E1
2.576000000E2,2.102189781E1,8.455474453E1
2.580000000E2,2.055474453E1,9.436496350E1
2.584000000E2,1.261313869E1,1.247299270E2
2.592000000E2,1.354744526E1,1.541605839E2
2.596000000E2,1.214598540E1,1.873284672E2
2.600000000E2,1.214598540E1,1.915328467E2
2.604000000E2,1.214598540E1,1.948029197E2
2.608000000E2,2.102189781E1,2.060145985E2
2.612000000E2,3.223357664E1,2.036788321E2
2.616000000E2,2.896350365E1,2.036788321E2
2.620000000E2,3.176642336E1,2.036788321E2
2.624000000E2,3.270072993E1,2.036788321E2
2.628000000E2,3.223357664E1,2.036788321E2
2.632000000E2,3.223357664E1,2.036788321E2
2.636000000E2,3.129927007E1,2.036788321E2
2.640000000E2,2.896350365E1,2.036788321E2
2.644000000E2,2.896350365E1,2.036788321E2
2.648000000E2,2.896350365E1,2.036788321E2
2.652000000E2,2.896350365E1,2.036788321E2
2.656000000E2,2.896350365E1,2.036788321E2
2.660000000E2,2.896350365E1,2.036788321E2
2.664000000E2,2.896350365E1,2.036788321E2
2.668000000E2,2.429197080E1,2.036788321E2
2.672000000E2,2.429197080E1,2.036788321E2
2.676000000E2,2.429197080E1,2.036788321E2
2.680000000E2,2.429197080E1,2.036788321E2
2.684000000E2,2.429197080E1,2.036788321E2
2.688000000E2,2.429197080E1,2.036788321E2
2.692000000E2,2.429197080E1,2.036788321E2
2.696000000E2,2.429197080E1,2.036788321E2
2.700000000E2,3.970802920E1,1.994744526E2
2.704000000E2,4.017518248E1,1.994744526E2
2.708000000E2,4.157664234E1,2.027445255E2
2.712000000E2,3.456934307E1,2.013430657E2
2.716000000E2,2.896350365E1,2.004087591E2
2.720000000E2,2.289051095E1,1.994744526E2
2.724000000E2,2.008759124E1,2.013430657E2
2.728000000E2,1.915328467E1,2.027445255E2
2.732000000E2,1.915328467E1,2.027445255E2
2.736000000E2,1.915328467E1,2.027445255E2
2.740000000E2,1.915328467E1,2.027445255E2
2.744000000E2,1.915328467E1,2.027445255E2
2.748000000E2,1.915328467E1,2.027445255E2
2.752000000E2,1.681751825E1,1.742481752E2
2.756000000E2,1.681751825E1,1.733138686E2
2.760000000E2,1.681751825E1,1.714452555E2
2.764000000E2,2.849635036E1,1.994744526E2
2.768000000E2,2.989781022E1,1.994744526E2
2.776000000E2,2.989781022E1,1.985401460E2
2.780000000E2,3.410218978E1,2.027445255E2
2.784000000E2,3.877372263E1,2.050802920E2
2.788000000E2,5.325547445E1,2.069489051E2
2.792000000E2,7.754744526E1,2.088175182E2
2.796000000E2,8.875912409E1,2.106861314E2
2.800000000E2,1.448175182E2,2.106861314E2
2.804000000E2,1.728467153E2,2.102189781E2
2.808000000E2,1.826569343E2,2.111532847E2
2.812000000E2,1.835912409E2,2.111532847E2
2.816000000E2,2.036788321E2,2.111532847E2
2.820000000E2,2.036788321E2,2.111532847E2
2.824000000E2,2.036788321E2,2.111532847E2
2.828000000E2,2.036788321E2,2.111532847E2
2.832000000E2,2.027445255E2,2.130218978E2
2.836000000E2,2.027445255E2,2.130218978E2
2.840000000E2,2.027445255E2,2.130218978E2
2.844000000E2,2.027445255E2,2.130218978E2
2.848000000E2,2.013430657E2,2.130218978E2
2.852000000E2,2.013430657E2,2.130218978E2
2.856000000E2,2.013430657E2,2.130218978E2
2.860000000E2,2.013430657E2,2.130218978E2
2.864000000E2,2.022773723E2,2.134890511E2
2.868000000E2,2.022773723E2,2.134890511E2
2.872000000E2,2.022773723E2,2.134890511E2
2.876000000E2,2.027445255E2,2.092846715E2
2.880000000E2,2.022773723E2,2.018102190E2
2.884000000E2,2.022773723E2,2.018102190E2
2.888000000E2,2.022773723E2,2.027445255E2
2.892000000E2,2.018102190E2,2.111532847E2
2.900000000E2,2.027445255E2,2.120875912E2
2.904000000E2,2.027445255E2,2.120875912E2
2.908000000E2,2.027445255E2,2.120875912E2
2.912000000E2,1.873284672E2,1.854598540E2
2.916000000E2,1.863941606E2,1.803211679E2
2.920000000E2,1.868613139E2,1.756496350E2
2.924000000E2,1.873284672E2,1.733138686E2
2.928000000E2,1.873284672E2,1.742481752E2
2.936000000E2,1.835912409E2,1.891970803E2
2.940000000E2,1.821897810E2,1.934014599E2
2.944000000E2,1.817226277E2,1.952700730E2
2.948000000E2,1.807883212E2,1.948029197E2
2.952000000E2,1.821897810E2,1.887299270E2
2.960000000E2,1.910656934E2,1.835912409E2
2.964000000E2,1.948029197E2,1.621021898E2
2.968000000E2,2.008759124E2,1.023065693E2
2.976000000E2,2.022773723E2,5.465693431E1
2.980000000E2,2.064817518E2,4.297810219E1
2.984000000E2,2.083503650E2,3.176642336E1
2.988000000E2,2.092846715E2,2.802919708E1
2.992000000E2,2.092846715E2,2.802919708E1
2.996000000E2,2.092846715E2,2.802919708E1
3.000000000E2,2.055474453E2,2.475912409E1
3.004000000E2,2.050802920E2,2.475912409E1
3.008000000E2,2.046131387E2,2.289051095E1
3.012000000E2,1.994744526E2,2.289051095E1
3.016000000E2,1.891970803E2,2.242335766E1
3.020000000E2,1.770510949E2,2.475912409E1
3.024000000E2,1.770510949E2,2.475912409E1
3.028000000E2,1.765839416E2,2.475912409E1
3.032000000E2,1.747153285E2,3.410218978E1
3.036000000E2,1.747153285E2,3.410218978E1
3.040000000E2,1.747153285E2,3.223357664E1
3.044000000E2,1.751824818E2,1.962043796E1
3.052000000E2,1.681751825E2,1.868613139E1
3.056000000E2,9.389781022E1,1.541605839E1
3.060000000E2,4.951824818E1,1.728467153E1
3.064000000E2,4.064233577E1,1.962043796E1
3.068000000E2,3.550364964E1,1.868613139E1
3.076000000E2,2.849635036E1,1.775182482E1
3.080000000E2,2.382481752E1,2.148905109E1
3.084000000E2,2.148905109E1,2.662773723E1
3.088000000E2,2.008759124E1,3.503649635E1
3.092000000E2,1.167883212E1,5.512408759E1
3.096000000E2,1.074452555E1,6.072992701E1
3.100000000E2,1.121167883E1,6.400000000E1
3.104000000E2,1.261313869E1,6.773722628E1
3.108000000E2,1.121167883E1,5.465693431E1
3.112000000E2,1.074452555E1,5.091970803E1
3.116000000E2,1.074452555E1,5.091970803E1
3.120000000E2,1.074452555E1,5.278832117E1
3.124000000E2,1.074452555E1,5.278832117E1
3.128000000E2,1.074452555E1,5.278832117E1
3.132000000E2,1.074452555E1,5.278832117E1
3.136000000E2,1.074452555E1,5.278832117E1
3.140000000E2,1.074452555E1,4.764963504E1
3.144000000E2,1.074452555E1,3.924087591E1
3.148000000E2,1.074452555E1,3.737226277E1
3.152000000E2,2.429197080E1,1.635036496E1
3.156000000E2,1.541605839E1,2.943065693E1
3.160000000E2,1.541605839E1,2.989781022E1
3.164000000E2,1.494890511E1,3.036496350E1
3.172000000E2,1.588321168E1,2.943065693E1
3.176000000E2,1.775182482E1,2.522627737E1
3.180000000E2,1.775182482E1,2.522627737E1
3.184000000E2,1.354744526E1,3.083211679E1
3.188000000E2,1.354744526E1,3.083211679E1
3.192000000E2,1.401459854E1,3.083211679E1
3.196000000E2,1.401459854E1,3.083211679E1
3.200000000E2,1.448175182E1,3.924087591E1
3.204000000E2,1.494890511E1,3.970802920E1
3.212000000E2,1.494890511E1,4.064233577E1
3.216000000E2,1.494890511E1,4.064233577E1
3.220000000E2,1.494890511E1,4.064233577E1
3.224000000E2,1.541605839E1,4.017518248E1
3.228000000E2,1.541605839E1,4.017518248E1
3.232000000E2,4.110948905E1,1.448175182E1
3.236000000E2,4.531386861E1,1.261313869E1
3.240000000E2,5.325547445E1,1.635036496E1
3.244000000E2,6.960583942E1,1.401459854E1
3.248000000E2,7.007299270E1,1.354744526E1
3.252000000E2,7.381021898E1,1.681751825E1
3.256000000E2,7.754744526E1,1.681751825E1
3.260000000E2,7.848175182E1,1.635036496E1
3.264000000E2,7.614598540E1,3.270072993E1
3.268000000E2,7.521167883E1,3.503649635E1
3.272000000E2,5.932846715E1,2.989781022E1
3.276000000E2,5.372262774E1,2.943065693E1
3.280000000E2,5.185401460E1,2.989781022E1
3.284000000E2,4.344525547E1,4.064233577E1
3.288000000E2,3.830656934E1,4.437956204E1
3.296000000E2,3.410218978E1,4.858394161E1
3.300000000E2,2.849635036E1,9.810218978E0
3.304000000E2,3.643795620E1,1.868613139E1
3.308000000E2,4.391240876E1,2.335766423E1
3.312000000E2,4.391240876E1,2.335766423E1
3.316000000E2,4.624817518E1,2.429197080E1
3.320000000E2,4.951824818E1,2.382481752E1
3.324000000E2,4.951824818E1,2.382481752E1
3.328000000E2,4.951824818E1,2.382481752E1
3.332000000E2,4.391240876E1,2.102189781E1
3.336000000E2,3.830656934E1,2.055474453E1
3.340000000E2,3.083211679E1,2.102189781E1
3.344000000E2,3.036496350E1,2.102189781E1
3.348000000E2,3.036496350E1,2.102189781E1
3.352000000E2,2.756204380E1,1.775182482E1
3.356000000E2,2.756204380E1,1.635036496E1
3.360000000E2,2.756204380E1,1.588321168E1
3.364000000E2,2.756204380E1,1.588321168E1
3.368000000E2,2.616058394E1,1.635036496E1
3.372000000E2,2.522627737E1,1.635036496E1
3.376000000E2,2.475912409E1,1.635036496E1
3.380000000E2,2.475912409E1,1.681751825E1
3.384000000E2,2.475912409E1,1.681751825E1
3.388000000E2,2.569343066E1,1.681751825E1
3.392000000E2,2.522627737E1,2.662773723E1
3.396000000E2,2.475912409E1,2.943065693E1
3.400000000E2,2.475912409E1,2.943065693E1
3.404000000E2,2.522627737E1,1.635036496E2
3.412000000E2,1.728467153E1,1.672408759E2
3.416000000E2,2.242335766E1,2.013430657E2
3.420000000E2,1.821897810E1,2.008759124E2
3.424000000E2,1.728467153E1,2.018102190E2
3.428000000E2,1.354744526E1,2.018102190E2
3.432000000E2,1.354744526E1,2.018102190E2
3.436000000E2,1.354744526E1,2.018102190E2
3.440000000E2,1.308029197E1,2.036788321E2
3.444000000E2,1.308029197E1,2.036788321E2
3.448000000E2,1.167883212E1,2.027445255E2
3.452000000E2,1.121167883E1,2.027445255E2
3.456000000E2,1.121167883E1,2.027445255E2
3.460000000E2,1.121167883E1,2.027445255E2
3.464000000E2,1.121167883E1,2.027445255E2
3.468000000E2,1.121167883E1,2.018102190E2
3.472000000E2,1.775182482E1,2.008759124E2
3.476000000E2,1.821897810E1,2.013430657E2
3.480000000E2,2.102189781E1,2.032116788E2
3.488000000E2,2.522627737E1,2.055474453E2
3.492000000E2,3.129927007E1,2.027445255E2
3.496000000E2,5.699270073E1,1.980729927E2
3.500000000E2,5.886131387E1,1.934014599E2
3.504000000E2,6.072992701E1,1.948029197E2
3.508000000E2,6.586861314E1,1.831240876E2
3.512000000E2,6.680291971E1,1.845255474E2
3.516000000E2,6.727007299E1,1.845255474E2
3.520000000E2,6.026277372E1,1.835912409E2
3.524000000E2,5.979562044E1,1.765839416E2
3.528000000E2,5.979562044E1,1.765839416E2
3.532000000E2,5.979562044E1,1.765839416E2
3.536000000E2,5.979562044E1,1.765839416E2
3.540000000E2,5.979562044E1,1.765839416E2
3.544000000E2,5.652554745E1,1.770510949E2
3.548000000E2,5.652554745E1,1.770510949E2
3.552000000E2,5.605839416E1,1.770510949E2
3.556000000E2,5.605839416E1,1.770510949E2
3.560000000E2,5.605839416E1,1.770510949E2
3.564000000E2,5.605839416E1,1.770510949E2
3.568000000E2,5.605839416E1,1.770510949E2
3.572000000E2,5.652554745E1,1.775182482E2
3.576000000E2,5.886131387E1,1.784525547E2
3.584000000E2,5.886131387E1,1.789197080E2
3.588000000E2,5.886131387E1,1.789197080E2
3.592000000E2,5.185401460E1,1.789197080E2
3.596000000E2,4.905109489E1,1.667737226E2
3.600000000E2,4.905109489E1,1.621021898E2
3.604000000E2,4.905109489E1,1.616350365E2
3.608000000E2,4.905109489E1,1.611678832E2
3.612000000E2,4.811678832E1,1.597664234E2
3.616000000E2,4.437956204E1,1.653722628E2
3.620000000E2,4.437956204E1,1.653722628E2
3.624000000E2,4.251094891E1,1.663065693E2
3.628000000E2,4.624817518E1,1.761167883E2
