t,x,y
8.800000000E0,1.370101597E2,2.117851959E2
9.200000000E0,1.565166909E2,2.117851959E2
9.600000000E0,1.778809869E2,1.997097242E2
1.000000000E1,2.062119013E2,2.029608128E2
1.040000000E1,2.085341074E2,2.099274311E2
1.080000000E1,1.983164006E2,2.141074020E2
1.120000000E1,1.853120464E2,2.136429608E2
1.160000000E1,1.890275762E2,2.057474601E2
1.200000000E1,2.038896952E2,1.908853411E2
1.240000000E1,2.076052250E2,1.811320755E2
1.280000000E1,2.048185776E2,1.639477504E2
1.320000000E1,2.011030479E2,1.750943396E2
1.360000000E1,2.136429608E2,2.057474601E2
1.400000000E1,2.062119013E2,2.275761974E2
1.440000000E1,1.820609579E2,2.215384615E2
1.480000000E1,1.704499274E2,2.173584906E2
1.520000000E1,1.560522496E2,2.159651669E2
1.560000000E1,2.006386067E2,1.904208999E2
1.600000000E1,2.099274311E2,1.764876633E2
1.640000000E1,2.085341074E2,1.453701016E2
1.680000000E1,2.196806967E2,1.709143687E2
1.720000000E1,2.210740203E2,1.941364296E2
1.760000000E1,2.099274311E2,1.625544267E2
1.800000000E1,2.127140784E2,1.202902758E2
1.840000000E1,2.108563135E2,8.870827286E1
1.880000000E1,2.127140784E2,6.037735849E1
1.920000000E1,2.127140784E2,4.923076923E1
1.960000000E1,2.085341074E2,6.177068215E1
2.000000000E1,2.029608128E2,2.461538462E1
2.040000000E1,2.103918723E2,1.300435414E1
2.080000000E1,2.187518142E2,2.089985486E1
2.120000000E1,2.136429608E2,2.507982583E1
2.160000000E1,1.941364296E2,1.300435414E1
2.200000000E1,1.792743106E2,1.439767779E1
2.240000000E1,1.894920174E2,2.740203193E1
2.280000000E1,2.150362845E2,3.158200290E1
2.320000000E1,2.196806967E2,3.111756168E1
2.360000000E1,2.215384615E2,9.753265602E0
2.400000000E1,2.122496372E2,1.950653120E1
2.440000000E1,2.159651669E2,4.179970972E1
2.480000000E1,2.164296081E2,6.687953556E1
2.520000000E1,2.076052250E2,5.480406386E1
2.560000000E1,2.001741655E2,3.529753266E1
2.600000000E1,1.764876633E2,1.950653120E1
2.640000000E1,1.277213353E2,1.811320755E1
2.680000000E1,5.898403483E1,1.393323657E1
2.720000000E1,2.182873730E1,1.904208999E1
2.760000000E1,1.068214804E1,1.764876633E1
2.800000000E1,5.573294630E0,1.161103048E1
2.840000000E1,1.114658926E1,8.359941945E0
2.880000000E1,1.439767779E1,9.288824383E0
2.920000000E1,1.950653120E1,1.857764877E1
2.960000000E1,3.715529753E1,1.532656023E1
3.000000000E1,4.505079826E1,1.346879536E1
3.040000000E1,3.390420900E1,2.647314949E1
3.080000000E1,2.322206096E1,1.439767779E1
3.120000000E1,1.439767779E1,1.068214804E1
3.160000000E1,1.997097242E1,3.436865022E1
3.200000000E1,2.368650218E1,4.830188679E1
3.240000000E1,2.322206096E1,6.316400581E1
3.280000000E1,2.043541364E1,1.054281567E2
3.320000000E1,1.997097242E1,1.267924528E2
3.360000000E1,1.997097242E1,1.439767779E2
3.400000000E1,1.904208999E1,1.625544267E2
3.440000000E1,1.997097242E1,1.885631350E2
3.480000000E1,2.182873730E1,2.001741655E2
3.520000000E1,2.275761974E1,2.103918723E2
3.560000000E1,2.693759071E1,2.145718433E2
3.600000000E1,3.251088534E1,2.155007257E2
3.640000000E1,3.251088534E1,2.155007257E2
3.680000000E1,2.879535559E1,2.127140784E2
3.720000000E1,1.253991292E1,2.210740203E2
3.760000000E1,1.811320755E1,2.089985486E2
3.800000000E1,1.671988389E1,2.015674891E2
3.840000000E1,2.647314949E1,2.103918723E2
3.880000000E1,2.554426705E1,2.229317852E2
3.920000000E1,1.114658926E1,2.094629898E2
3.960000000E1,1.068214804E1,1.992452830E2
4.000000000E1,1.253991292E1,1.922786647E2
4.040000000E1,1.486211901E1,1.880986938E2
4.080000000E1,1.532656023E1,1.880986938E2
4.120000000E1,3.436865022E1,1.918142235E2
4.160000000E1,7.384615385E1,1.922786647E2
4.200000000E1,7.477503628E1,1.792743106E2
4.240000000E1,9.149492017E1,1.713788099E2
4.280000000E1,1.151814224E2,1.769521045E2
4.320000000E1,1.360812772E2,1.983164006E2
4.360000000E1,1.500145138E2,2.057474601E2
4.400000000E1,1.593033382E2,2.062119013E2
4.440000000E1,1.774165457E2,2.057474601E2
4.480000000E1,1.932075472E2,2.034252540E2
4.520000000E1,1.616255443E2,2.210740203E2
4.560000000E1,1.472278665E2,2.168940493E2
4.600000000E1,1.346879536E2,2.094629898E2
4.640000000E1,1.792743106E2,1.950653120E2
4.680000000E1,1.885631350E2,1.927431060E2
4.720000000E1,1.444412192E2,1.593033382E2
4.760000000E1,1.281857765E2,1.593033382E2
4.800000000E1,1.142525399E2,1.815965167E2
4.840000000E1,1.031059507E2,1.876342525E2
4.880000000E1,8.406386067E1,1.946008708E2
4.920000000E1,6.177068215E1,2.001741655E2
4.960000000E1,4.458635704E1,2.006386067E2
5.000000000E1,8.731494920E1,2.029608128E2
5.040000000E1,1.240058055E2,2.011030479E2
5.080000000E1,1.797387518E2,1.699854862E2
5.120000000E1,2.168940493E2,1.583744557E2
5.160000000E1,2.182873730E2,1.346879536E2
5.200000000E1,2.164296081E2,1.128592163E2
5.240000000E1,2.127140784E2,9.010159652E1
5.280000000E1,2.117851959E2,6.873730044E1
5.320000000E1,2.076052250E2,3.622641509E1
5.360000000E1,2.080696662E2,2.554426705E1
5.400000000E1,2.210740203E2,1.332946299E2
5.440000000E1,2.229317852E2,1.792743106E2
5.480000000E1,2.085341074E2,2.024963716E2
5.520000000E1,1.723076923E2,2.136429608E2
5.560000000E1,1.407256894E2,2.150362845E2
5.600000000E1,1.068214804E2,2.108563135E2
5.640000000E1,4.969521045E1,2.103918723E2
5.680000000E1,3.390420900E1,2.094629898E2
5.720000000E1,1.625544267E1,2.085341074E2
5.760000000E1,1.486211901E1,2.048185776E2
5.800000000E1,2.415094340E1,1.983164006E2
5.840000000E1,3.529753266E1,1.973875181E2
5.880000000E1,4.179970972E1,2.057474601E2
5.920000000E1,2.368650218E1,2.145718433E2
5.960000000E1,9.288824383E0,2.173584906E2
6.000000000E1,2.461538462E1,1.983164006E2
6.040000000E1,3.483309144E1,2.024963716E2
6.080000000E1,4.690856313E1,2.052830189E2
6.120000000E1,4.226415094E1,2.141074020E2
6.160000000E1,4.783744557E1,2.131785196E2
6.200000000E1,9.428156749E1,2.127140784E2
6.240000000E1,1.188969521E2,2.117851959E2
6.280000000E1,2.048185776E2,2.108563135E2
6.320000000E1,2.182873730E2,2.108563135E2
6.360000000E1,2.224673440E2,2.141074020E2
6.400000000E1,2.108563135E2,2.187518142E2
6.440000000E1,2.048185776E2,2.117851959E2
6.480000000E1,2.141074020E2,2.024963716E2
6.520000000E1,2.155007257E2,1.834542816E2
6.560000000E1,1.955297533E2,1.746298984E2
6.600000000E1,1.885631350E2,1.681277213E2
6.640000000E1,1.713788099E2,1.286502177E2
6.680000000E1,1.671988389E2,9.706821480E1
6.720000000E1,1.950653120E2,9.613933237E1
6.760000000E1,2.164296081E2,1.133236575E2
6.800000000E1,2.164296081E2,1.170391872E2
6.840000000E1,2.113207547E2,1.240058055E2
6.880000000E1,1.820609579E2,9.056603774E1
6.920000000E1,1.783454282E2,1.003193033E2
6.960000000E1,1.806676343E2,1.049637155E2
7.000000000E1,1.648766328E2,1.323657475E2
7.040000000E1,1.746298984E2,1.337590711E2
7.080000000E1,1.597677794E2,1.407256894E2
7.120000000E1,1.458345428E2,1.453701016E2
7.160000000E1,1.388679245E2,1.476923077E2
7.200000000E1,6.502177068E1,1.541944848E2
7.240000000E1,5.155297533E1,1.411901306E2
7.280000000E1,4.830188679E1,1.356168360E2
7.320000000E1,1.114658926E1,1.411901306E2
7.360000000E1,9.753265602E0,1.504789550E2
7.400000000E1,1.207547170E1,1.272568940E2
7.440000000E1,2.507982583E1,1.430478955E2
7.480000000E1,2.554426705E1,1.026415094E2
7.520000000E1,3.715529753E1,8.081277213E1
7.560000000E1,5.805515239E1,5.201741655E1
7.600000000E1,9.288824383E1,2.740203193E1
7.640000000E1,9.939042090E1,2.182873730E1
7.680000000E1,9.288824383E1,7.895500726E0
7.720000000E1,7.152394775E1,8.359941945E0
7.760000000E1,6.130624093E1,9.288824383E0
7.800000000E1,4.133526851E1,1.114658926E1
7.840000000E1,1.332946299E2,2.554426705E1
7.880000000E1,1.574455733E2,2.879535559E1
7.920000000E1,1.899564586E2,2.786647315E1
7.960000000E1,2.015674891E2,3.111756168E1
8.000000000E1,2.038896952E2,4.644412192E1
8.040000000E1,2.038896952E2,6.502177068E1
8.080000000E1,2.215384615E2,3.390420900E1
8.120000000E1,2.238606676E2,2.043541364E1
8.160000000E1,2.173584906E2,1.253991292E1
8.200000000E1,2.011030479E2,1.068214804E1
8.240000000E1,2.303628447E2,3.111756168E1
8.280000000E1,2.257184325E2,3.483309144E1
8.320000000E1,2.187518142E2,6.687953556E1
8.360000000E1,2.187518142E2,8.731494920E1
8.400000000E1,2.187518142E2,1.110014514E2
8.440000000E1,2.122496372E2,1.402612482E2
8.480000000E1,1.709143687E2,1.616255443E2
8.520000000E1,1.588388970E2,1.848476052E2
8.560000000E1,1.407256894E2,1.992452830E2
8.600000000E1,1.579100145E2,2.011030479E2
8.640000000E1,1.588388970E2,2.052830189E2
8.680000000E1,9.567489115E1,1.973875181E2
8.720000000E1,4.923076923E1,2.001741655E2
8.760000000E1,2.786647315E1,2.001741655E2
8.800000000E1,1.857764877E1,1.932075472E2
8.840000000E1,2.415094340E1,1.946008708E2
8.880000000E1,3.436865022E1,2.034252540E2
8.920000000E1,3.715529753E1,2.089985486E2
8.960000000E1,1.950653120E1,2.150362845E2
9.000000000E1,2.833091437E1,2.029608128E2
9.040000000E1,3.204644412E1,2.001741655E2
9.080000000E1,2.507982583E1,1.755587808E2
9.120000000E1,1.904208999E1,1.253991292E2
9.160000000E1,1.811320755E1,1.165747460E2
9.200000000E1,1.393323657E1,6.966618287E1
9.240000000E1,1.393323657E1,6.037735849E1
9.280000000E1,1.439767779E1,5.387518142E1
9.320000000E1,1.439767779E1,3.065312046E1
9.360000000E1,1.346879536E1,1.997097242E1
9.400000000E1,1.346879536E1,1.532656023E1
9.440000000E1,3.111756168E1,1.300435414E1
9.480000000E1,3.761973875E1,1.811320755E1
9.520000000E1,3.669085631E1,3.343976778E1
9.560000000E1,1.904208999E1,3.436865022E1
9.600000000E1,1.393323657E1,1.486211901E1
9.680000000E1,2.879535559E1,1.161103048E1
9.720000000E1,2.554426705E1,1.904208999E1
9.760000000E1,2.415094340E1,3.018867925E1
9.800000000E1,2.693759071E1,9.939042090E1
9.840000000E1,2.647314949E1,1.486211901E2
9.880000000E1,6.037735849E1,1.402612482E2
9.920000000E1,9.613933237E1,1.198258345E2
9.960000000E1,1.105370102E2,1.040348331E2
1.000000000E2,1.411901306E2,9.660377358E1
1.004000000E2,1.825253991E2,1.114658926E2
1.008000000E2,2.155007257E2,1.202902758E2
1.012000000E2,2.303628447E2,1.323657475E2
1.016000000E2,2.261828737E2,1.449056604E2
1.020000000E2,2.220029028E2,1.332946299E2
1.024000000E2,2.187518142E2,1.031059507E2
1.028000000E2,2.289695210E2,1.202902758E2
1.032000000E2,2.168940493E2,1.597677794E2
1.036000000E2,2.085341074E2,1.973875181E2
1.040000000E2,2.122496372E2,2.117851959E2
1.044000000E2,2.168940493E2,2.168940493E2
1.048000000E2,2.168940493E2,2.085341074E2
1.052000000E2,2.085341074E2,2.052830189E2
1.056000000E2,1.927431060E2,2.057474601E2
1.060000000E2,2.113207547E2,2.122496372E2
1.064000000E2,2.141074020E2,2.131785196E2
1.068000000E2,2.141074020E2,2.038896952E2
1.072000000E2,2.020319303E2,2.020319303E2
1.076000000E2,2.034252540E2,2.131785196E2
1.080000000E2,2.136429608E2,2.089985486E2
1.084000000E2,2.159651669E2,1.713788099E2
1.088000000E2,2.164296081E2,1.314368650E2
1.092000000E2,2.168940493E2,1.026415094E2
1.096000000E2,2.178229318E2,6.827285922E1
1.100000000E2,2.159651669E2,3.947750363E1
1.104000000E2,2.122496372E2,1.439767779E1
1.108000000E2,2.034252540E2,9.288824383E0
1.112000000E2,1.932075472E2,1.997097242E1
1.116000000E2,2.141074020E2,3.158200290E1
1.120000000E2,2.127140784E2,3.622641509E1
1.124000000E2,2.150362845E2,1.671988389E1
1.128000000E2,2.034252540E2,1.207547170E1
1.132000000E2,1.987808418E2,1.625544267E1
1.136000000E2,2.173584906E2,2.322206096E1
1.140000000E2,2.178229318E2,1.393323657E1
1.144000000E2,2.052830189E2,8.359941945E0
1.148000000E2,2.150362845E2,1.764876633E1
1.152000000E2,2.099274311E2,2.647314949E1
1.156000000E2,2.029608128E2,1.857764877E1
1.160000000E2,2.117851959E2,1.393323657E1
1.164000000E2,2.085341074E2,2.507982583E1
1.168000000E2,1.853120464E2,1.625544267E1
1.172000000E2,1.667343977E2,4.040638607E1
1.176000000E2,1.583744557E2,5.201741655E1
1.180000000E2,1.453701016E2,6.223512337E1
1.184000000E2,1.216835994E2,9.706821480E1
1.188000000E2,1.077503628E2,1.137880987E2
1.192000000E2,1.063570392E2,1.142525399E2
1.196000000E2,9.103047896E1,1.267924528E2
1.200000000E2,1.021770682E2,1.230769231E2
1.204000000E2,1.523367199E2,1.193613933E2
1.208000000E2,1.867053701E2,1.165747460E2
1.212000000E2,2.089985486E2,1.128592163E2
1.216000000E2,2.159651669E2,1.058925980E2
1.220000000E2,2.159651669E2,9.521044993E1
1.224000000E2,2.145718433E2,8.034833091E1
1.228000000E2,2.131785196E2,7.059506531E1
1.232000000E2,2.252539913E2,1.021770682E2
1.236000000E2,2.224673440E2,1.165747460E2
1.240000000E2,2.113207547E2,1.058925980E2
1.244000000E2,2.117851959E2,7.802612482E1
1.248000000E2,2.187518142E2,4.551523948E1
1.252000000E2,2.173584906E2,3.901306241E1
1.256000000E2,2.164296081E2,3.576197388E1
1.260000000E2,2.029608128E2,2.415094340E1
1.264000000E2,1.969230769E2,2.136429608E1
1.268000000E2,2.131785196E2,2.925979681E1
1.272000000E2,2.043541364E2,1.764876633E1
1.276000000E2,1.676632801E2,1.207547170E1
1.280000000E2,1.044992743E2,1.207547170E1
1.284000000E2,7.941944848E1,1.207547170E1
1.288000000E2,4.179970972E1,7.895500726E0
1.292000000E2,2.554426705E1,1.114658926E1
1.296000000E2,1.579100145E1,1.764876633E1
1.300000000E2,9.288824383E0,2.786647315E1
1.304000000E2,1.532656023E1,3.158200290E1
1.308000000E2,2.507982583E1,2.368650218E1
1.312000000E2,3.018867925E1,3.529753266E1
1.316000000E2,2.322206096E1,4.319303338E1
1.320000000E2,1.532656023E1,3.947750363E1
1.324000000E2,4.644412192E0,3.297532656E1
1.328000000E2,2.786647315E0,2.507982583E1
1.332000000E2,1.021770682E1,1.904208999E1
1.336000000E2,1.950653120E1,1.300435414E1
1.340000000E2,1.764876633E1,2.275761974E1
1.344000000E2,1.532656023E1,2.647314949E1
1.348000000E2,2.089985486E1,2.925979681E1
1.352000000E2,2.740203193E1,2.275761974E1
1.356000000E2,3.111756168E1,1.904208999E1
1.360000000E2,3.622641509E1,1.439767779E1
1.364000000E2,5.666182874E1,1.486211901E1
1.368000000E2,5.944847605E1,1.486211901E1
1.372000000E2,5.944847605E1,1.486211901E1
1.376000000E2,7.988388970E1,1.300435414E1
1.380000000E2,1.267924528E2,1.393323657E1
1.384000000E2,1.411901306E2,1.486211901E1
1.388000000E2,1.713788099E2,1.811320755E1
1.392000000E2,2.066763425E2,1.811320755E1
1.396000000E2,2.099274311E2,1.950653120E1
1.400000000E2,2.192162554E2,4.226415094E1
1.404000000E2,2.233962264E2,6.780841800E1
1.408000000E2,2.247895501E2,8.313497823E1
1.412000000E2,2.187518142E2,1.063570392E2
1.416000000E2,2.131785196E2,1.351523948E2
1.420000000E2,2.117851959E2,1.922786647E2
1.424000000E2,2.062119013E2,2.224673440E2
1.428000000E2,1.500145138E2,2.094629898E2
1.432000000E2,1.151814224E2,2.094629898E2
1.436000000E2,8.545718433E1,2.085341074E2
1.440000000E2,3.251088534E1,2.057474601E2
1.448000000E2,9.288824383E0,2.094629898E2
1.452000000E2,1.346879536E1,2.155007257E2
1.456000000E2,1.857764877E1,2.131785196E2
1.460000000E2,2.786647315E1,2.080696662E2
1.464000000E2,3.669085631E1,2.066763425E2
1.468000000E2,3.761973875E1,2.131785196E2
1.472000000E2,2.879535559E1,2.136429608E2
1.476000000E2,2.554426705E1,2.113207547E2
1.480000000E2,2.229317852E1,2.043541364E2
1.484000000E2,2.089985486E1,2.080696662E2
1.488000000E2,3.343976778E1,2.192162554E2
1.492000000E2,4.133526851E1,2.150362845E2
1.496000000E2,3.483309144E1,2.089985486E2
1.500000000E2,1.811320755E1,2.122496372E2
1.504000000E2,7.431059507E0,2.085341074E2
1.508000000E2,1.950653120E1,2.020319303E2
1.512000000E2,2.693759071E1,2.043541364E2
1.516000000E2,2.786647315E1,2.006386067E2
1.520000000E2,1.997097242E1,1.857764877E2
1.524000000E2,1.950653120E1,1.737010160E2
1.528000000E2,4.412191582E1,1.630188679E2
1.532000000E2,5.108853411E1,1.583744557E2
1.536000000E2,7.059506531E1,1.509433962E2
1.540000000E2,7.616835994E1,1.388679245E2
1.544000000E2,7.988388970E1,1.291146589E2
1.548000000E2,8.174165457E1,9.381712627E1
1.552000000E2,9.288824383E1,5.201741655E1
1.556000000E2,1.133236575E2,2.368650218E1
1.560000000E2,1.170391872E2,1.950653120E1
1.564000000E2,1.021770682E2,1.393323657E1
1.568000000E2,8.963715530E1,1.346879536E1
1.572000000E2,1.388679245E2,8.824383164E0
1.576000000E2,1.806676343E2,1.207547170E1
1.580000000E2,1.964586357E2,1.300435414E1
1.584000000E2,2.182873730E2,1.904208999E1
1.588000000E2,2.099274311E2,1.997097242E1
1.592000000E2,2.024963716E2,2.043541364E1
1.596000000E2,1.560522496E2,1.997097242E1
1.600000000E2,1.035703919E2,2.043541364E1
1.604000000E2,7.384615385E1,1.950653120E1
1.608000000E2,4.551523948E1,1.671988389E1
1.612000000E2,2.972423803E1,1.486211901E1
1.616000000E2,1.161103048E1,9.288824383E0
1.620000000E2,1.300435414E1,2.043541364E1
1.624000000E2,2.507982583E1,2.089985486E1
1.628000000E2,3.158200290E1,2.972423803E1
1.632000000E2,1.486211901E1,3.251088534E1
1.636000000E2,1.671988389E1,2.136429608E1
1.640000000E2,2.043541364E1,2.786647315E1
1.644000000E2,1.857764877E1,5.015965167E1
1.648000000E2,1.857764877E1,7.895500726E1
1.652000000E2,1.764876633E1,1.012481858E2
1.656000000E2,1.579100145E1,1.332946299E2
1.660000000E2,1.579100145E1,1.634833091E2
1.664000000E2,1.579100145E1,1.802031930E2
1.668000000E2,1.579100145E1,2.024963716E2
1.672000000E2,1.579100145E1,2.164296081E2
1.676000000E2,2.786647315E1,2.113207547E2
1.680000000E2,2.786647315E1,2.062119013E2
1.684000000E2,1.811320755E1,2.136429608E2
1.688000000E2,3.715529753E1,2.145718433E2
1.692000000E2,4.040638607E1,2.089985486E2
1.696000000E2,4.133526851E1,2.024963716E2
1.700000000E2,4.319303338E1,1.978519594E2
1.704000000E2,4.319303338E1,1.871698113E2
1.708000000E2,4.597968070E1,1.760232221E2
1.712000000E2,4.690856313E1,1.597677794E2
1.716000000E2,5.712626996E1,1.263280116E2
1.720000000E2,6.455732946E1,9.010159652E1
1.724000000E2,9.103047896E1,4.458635704E1
1.728000000E2,1.137880987E2,2.461538462E1
1.732000000E2,1.309724238E2,1.486211901E1
1.736000000E2,1.504789550E2,1.021770682E1
1.740000000E2,1.983164006E2,1.021770682E1
1.744000000E2,2.210740203E2,1.579100145E1
1.748000000E2,2.057474601E2,2.925979681E1
1.752000000E2,1.839187228E2,5.015965167E1
1.756000000E2,1.388679245E2,4.876632801E1
1.760000000E2,1.193613933E2,5.062409289E1
1.764000000E2,9.846153846E1,6.409288824E1
1.768000000E2,9.010159652E1,8.963715530E1
1.772000000E2,8.917271408E1,1.188969521E2
1.776000000E2,9.474600871E1,1.379390421E2
1.780000000E2,8.777939042E1,1.699854862E2
1.784000000E2,6.966618287E1,1.997097242E2
1.788000000E2,5.666182874E1,2.141074020E2
1.792000000E2,3.483309144E1,2.168940493E2
1.796000000E2,1.811320755E1,2.173584906E2
1.800000000E2,1.857764877E1,2.094629898E2
1.804000000E2,5.898403483E1,2.080696662E2
1.808000000E2,1.425834543E2,2.108563135E2
1.812000000E2,1.788098694E2,2.159651669E2
1.816000000E2,1.997097242E2,2.182873730E2
1.820000000E2,2.076052250E2,2.150362845E2
1.824000000E2,2.094629898E2,2.094629898E2
1.828000000E2,2.076052250E2,2.057474601E2
1.832000000E2,1.978519594E2,1.950653120E2
1.836000000E2,1.955297533E2,1.467634253E2
1.840000000E2,1.797387518E2,1.397968070E2
1.844000000E2,1.588388970E2,1.319013062E2
1.848000000E2,1.453701016E2,1.277213353E2
1.852000000E2,1.202902758E2,1.161103048E2
1.856000000E2,7.802612482E1,8.731494920E1
1.860000000E2,6.269956459E1,5.108853411E1
1.864000000E2,5.944847605E1,4.087082729E1
1.872000000E2,5.619738752E1,2.461538462E1
1.876000000E2,5.619738752E1,2.043541364E1
1.880000000E2,6.316400581E1,1.253991292E1
1.884000000E2,1.198258345E2,1.486211901E1
1.888000000E2,1.625544267E2,1.997097242E1
1.892000000E2,2.122496372E2,1.997097242E1
1.896000000E2,2.261828737E2,3.715529753E1
1.900000000E2,2.271117562E2,4.737300435E1
1.904000000E2,2.275761974E2,5.387518142E1
1.908000000E2,2.201451379E2,8.406386067E1
1.912000000E2,2.266473149E2,1.504789550E2
1.916000000E2,2.173584906E2,2.099274311E2
1.920000000E2,2.113207547E2,2.089985486E2
1.924000000E2,2.089985486E2,2.145718433E2
1.928000000E2,2.192162554E2,2.201451379E2
1.932000000E2,2.099274311E2,2.131785196E2
1.936000000E2,2.103918723E2,2.182873730E2
1.940000000E2,2.145718433E2,2.113207547E2
1.944000000E2,2.048185776E2,2.173584906E2
1.948000000E2,1.997097242E2,2.117851959E2
1.952000000E2,1.031059507E2,2.173584906E2
1.956000000E2,8.081277213E1,2.196806967E2
1.960000000E2,6.269956459E1,2.196806967E2
1.964000000E2,4.505079826E1,2.192162554E2
1.968000000E2,3.622641509E1,2.192162554E2
1.972000000E2,2.182873730E1,2.150362845E2
1.976000000E2,1.393323657E1,2.085341074E2
1.980000000E2,1.718432511E1,2.024963716E2
1.984000000E2,2.182873730E1,2.020319303E2
1.988000000E2,1.811320755E1,1.723076923E2
1.992000000E2,1.950653120E1,1.690566038E2
1.996000000E2,2.089985486E1,1.690566038E2
2.000000000E2,2.554426705E1,1.788098694E2
2.004000000E2,2.229317852E1,1.690566038E2
2.008000000E2,2.229317852E1,1.583744557E2
2.012000000E2,1.811320755E1,1.699854862E2
2.016000000E2,2.647314949E1,2.071407837E2
2.020000000E2,2.647314949E1,2.108563135E2
2.024000000E2,1.857764877E1,2.136429608E2
2.028000000E2,1.532656023E1,2.089985486E2
2.032000000E2,2.415094340E1,2.071407837E2
2.036000000E2,2.972423803E1,2.131785196E2
2.040000000E2,2.136429608E1,2.201451379E2
2.044000000E2,1.997097242E1,2.076052250E2
2.048000000E2,3.018867925E1,2.052830189E2
2.052000000E2,3.018867925E1,2.085341074E2
2.056000000E2,2.600870827E1,2.127140784E2
2.060000000E2,2.229317852E1,2.103918723E2
2.064000000E2,2.507982583E1,2.057474601E2
2.068000000E2,2.322206096E1,2.145718433E2
2.072000000E2,1.764876633E1,2.150362845E2
2.076000000E2,1.764876633E1,2.048185776E2
2.084000000E2,2.647314949E1,2.103918723E2
2.088000000E2,2.461538462E1,2.117851959E2
2.092000000E2,1.997097242E1,2.057474601E2
2.096000000E2,2.925979681E1,2.076052250E2
2.100000000E2,2.740203193E1,2.127140784E2
2.104000000E2,1.950653120E1,2.062119013E2
2.108000000E2,1.764876633E1,1.769521045E2
2.112000000E2,1.718432511E1,1.704499274E2
2.116000000E2,1.671988389E1,1.681277213E2
2.124000000E2,1.811320755E1,1.588388970E2
2.128000000E2,2.415094340E1,1.532656023E2
2.132000000E2,2.833091437E1,1.514078374E2
2.136000000E2,4.505079826E1,1.676632801E2
2.140000000E2,3.669085631E1,1.681277213E2
2.144000000E2,2.136429608E1,1.574455733E2
2.148000000E2,1.439767779E1,1.309724238E2
2.152000000E2,1.439767779E1,1.161103048E2
2.156000000E2,1.997097242E1,9.010159652E1
2.160000000E2,2.136429608E1,8.174165457E1
2.168000000E2,2.368650218E1,4.923076923E1
2.172000000E2,2.461538462E1,3.529753266E1
2.176000000E2,2.786647315E1,2.461538462E1
2.180000000E2,2.925979681E1,1.811320755E1
2.184000000E2,2.089985486E1,1.671988389E1
2.188000000E2,8.824383164E0,2.461538462E1
2.192000000E2,1.161103048E1,2.693759071E1
2.196000000E2,2.043541364E1,2.693759071E1
2.200000000E2,1.486211901E1,1.161103048E1
2.204000000E2,1.950653120E1,2.043541364E1
2.212000000E2,2.507982583E1,2.182873730E1
2.216000000E2,2.507982583E1,2.461538462E1
2.220000000E2,1.904208999E1,2.647314949E1
2.224000000E2,1.532656023E1,1.904208999E1
2.228000000E2,3.297532656E1,2.322206096E1
2.232000000E2,4.133526851E1,2.461538462E1
2.236000000E2,5.573294630E1,2.600870827E1
2.240000000E2,5.712626996E1,3.343976778E1
2.244000000E2,6.595065312E1,6.687953556E1
2.248000000E2,6.548621190E1,8.313497823E1
2.252000000E2,5.805515239E1,1.337590711E2
2.256000000E2,5.433962264E1,1.453701016E2
2.260000000E2,3.390420900E1,1.737010160E2
2.264000000E2,2.600870827E1,2.015674891E2
2.268000000E2,2.507982583E1,2.062119013E2
2.272000000E2,2.507982583E1,2.145718433E2
2.276000000E2,3.854862119E1,2.062119013E2
2.280000000E2,1.857764877E2,2.043541364E2
2.284000000E2,2.043541364E2,2.043541364E2
2.288000000E2,2.155007257E2,1.973875181E2
2.292000000E2,2.136429608E2,1.411901306E2
2.296000000E2,2.136429608E2,1.281857765E2
2.300000000E2,2.145718433E2,1.021770682E2
2.308000000E2,2.136429608E2,1.755587808E2
2.312000000E2,2.127140784E2,2.103918723E2
2.316000000E2,1.918142235E2,2.062119013E2
2.320000000E2,9.660377358E1,2.080696662E2
2.324000000E2,5.898403483E1,2.206095791E2
2.328000000E2,7.523947750E1,2.187518142E2
2.332000000E2,9.010159652E1,2.178229318E2
2.336000000E2,1.123947750E2,2.150362845E2
2.340000000E2,1.105370102E2,2.150362845E2
2.344000000E2,6.873730044E1,2.001741655E2
2.348000000E2,8.313497823E1,1.853120464E2
2.352000000E2,3.111756168E1,1.885631350E2
2.356000000E2,6.223512337E1,1.890275762E2
2.360000000E2,5.480406386E1,1.857764877E2
2.364000000E2,4.830188679E1,1.783454282E2
2.368000000E2,5.062409289E1,1.750943396E2
2.372000000E2,3.204644412E1,1.583744557E2
2.376000000E2,2.879535559E1,1.514078374E2
2.380000000E2,3.111756168E1,9.660377358E1
2.384000000E2,2.925979681E1,6.734397678E1
2.388000000E2,3.018867925E1,5.712626996E1
2.392000000E2,2.043541364E1,2.415094340E1
2.396000000E2,4.412191582E1,1.532656023E1
2.400000000E2,5.526850508E1,1.393323657E1
2.404000000E2,7.338171263E1,1.346879536E1
2.408000000E2,8.499274311E1,1.950653120E1
2.412000000E2,1.179680697E2,1.718432511E1
2.416000000E2,1.221480406E2,1.950653120E1
2.420000000E2,1.360812772E2,1.904208999E1
2.424000000E2,1.407256894E2,1.950653120E1
2.428000000E2,2.006386067E2,2.415094340E1
2.432000000E2,2.131785196E2,3.343976778E1
2.436000000E2,2.029608128E2,3.715529753E1
2.440000000E2,2.011030479E2,2.554426705E1
2.444000000E2,2.141074020E2,1.764876633E1
2.448000000E2,2.145718433E2,1.764876633E1
2.452000000E2,2.145718433E2,2.507982583E1
2.456000000E2,2.057474601E2,2.647314949E1
2.460000000E2,2.052830189E2,2.089985486E1
2.464000000E2,2.113207547E2,2.136429608E1
2.468000000E2,2.182873730E2,2.507982583E1
2.472000000E2,2.233962264E2,1.671988389E1
2.476000000E2,2.233962264E2,1.486211901E1
2.480000000E2,2.275761974E2,1.718432511E1
2.484000000E2,2.238606676E2,2.043541364E1
2.488000000E2,2.201451379E2,1.393323657E1
2.492000000E2,2.159651669E2,1.068214804E1
2.496000000E2,2.210740203E2,1.346879536E1
2.500000000E2,2.150362845E2,1.486211901E1
2.504000000E2,2.168940493E2,1.718432511E1
2.508000000E2,2.196806967E2,1.207547170E1
2.512000000E2,2.210740203E2,1.161103048E1
2.516000000E2,2.201451379E2,3.715529753E1
2.520000000E2,2.168940493E2,5.898403483E1
2.524000000E2,2.127140784E2,6.827285922E1
2.528000000E2,2.136429608E2,6.920174165E1
2.532000000E2,2.150362845E2,7.895500726E1
2.536000000E2,2.150362845E2,7.895500726E1
2.540000000E2,2.326850508E2,6.734397678E1
2.544000000E2,2.322206096E2,5.805515239E1
2.548000000E2,2.155007257E2,8.499274311E1
2.552000000E2,2.164296081E2,9.753265602E1
2.556000000E2,2.182873730E2,1.063570392E2
2.560000000E2,1.941364296E2,1.017126270E2
2.564000000E2,1.876342525E2,1.110014514E2
2.568000000E2,1.704499274E2,8.406386067E1
2.572000000E2,1.946008708E2,1.346879536E2
2.576000000E2,1.950653120E2,1.295791001E2
2.580000000E2,1.959941945E2,1.291146589E2
2.584000000E2,2.034252540E2,1.904208999E2
2.588000000E2,2.048185776E2,2.085341074E2
2.592000000E2,2.071407837E2,2.131785196E2
2.596000000E2,2.122496372E2,2.113207547E2
2.600000000E2,2.168940493E2,2.136429608E2
2.604000000E2,2.145718433E2,2.076052250E2
2.608000000E2,1.997097242E2,2.113207547E2
2.612000000E2,2.057474601E2,2.113207547E2
2.616000000E2,2.076052250E2,2.094629898E2
2.620000000E2,2.071407837E2,2.043541364E2
2.624000000E2,2.159651669E2,2.080696662E2
2.628000000E2,2.099274311E2,2.011030479E2
2.632000000E2,2.038896952E2,2.024963716E2
2.636000000E2,2.043541364E2,2.108563135E2
2.640000000E2,2.141074020E2,2.136429608E2
2.644000000E2,2.159651669E2,2.117851959E2
2.648000000E2,2.136429608E2,2.057474601E2
2.652000000E2,2.099274311E2,1.992452830E2
2.660000000E2,2.089985486E2,1.936719884E2
2.664000000E2,2.089985486E2,1.936719884E2
2.668000000E2,2.089985486E2,1.932075472E2
2.672000000E2,2.089985486E2,1.927431060E2
2.676000000E2,1.927431060E2,2.108563135E2
2.680000000E2,1.221480406E2,2.215384615E2
2.684000000E2,1.184325109E2,2.206095791E2
2.688000000E2,1.277213353E2,2.210740203E2
2.692000000E2,1.017126270E2,2.201451379E2
2.696000000E2,9.335268505E1,2.187518142E2
2.700000000E2,5.341074020E1,2.182873730E2
2.704000000E2,3.622641509E1,2.159651669E2
2.708000000E2,2.786647315E1,2.136429608E2
2.712000000E2,1.161103048E1,2.127140784E2
2.716000000E2,1.114658926E1,2.196806967E2
2.720000000E2,1.718432511E1,2.173584906E2
2.724000000E2,1.904208999E1,2.103918723E2
2.728000000E2,1.950653120E1,2.052830189E2
2.732000000E2,1.997097242E1,2.057474601E2
2.736000000E2,2.600870827E1,2.103918723E2
2.740000000E2,1.857764877E1,2.080696662E2
2.744000000E2,2.507982583E1,2.024963716E2
2.748000000E2,5.108853411E1,2.094629898E2
2.752000000E2,9.660377358E1,2.089985486E2
2.756000000E2,1.648766328E2,2.108563135E2
2.760000000E2,1.737010160E2,2.136429608E2
2.768000000E2,1.918142235E2,2.182873730E2
2.772000000E2,2.066763425E2,2.182873730E2
2.776000000E2,2.131785196E2,2.182873730E2
2.780000000E2,2.178229318E2,2.136429608E2
2.784000000E2,2.094629898E2,2.094629898E2
2.788000000E2,2.076052250E2,2.159651669E2
2.792000000E2,2.141074020E2,2.178229318E2
2.796000000E2,2.141074020E2,2.122496372E2
2.804000000E2,2.099274311E2,2.034252540E2
2.808000000E2,2.085341074E2,1.992452830E2
2.812000000E2,2.043541364E2,8.870827286E1
2.816000000E2,2.141074020E2,3.436865022E1
2.820000000E2,2.155007257E2,1.671988389E1
2.824000000E2,2.155007257E2,1.532656023E1
2.828000000E2,2.136429608E2,1.161103048E1
2.832000000E2,2.117851959E2,1.300435414E1
2.836000000E2,2.141074020E2,1.439767779E1
2.840000000E2,2.103918723E2,1.718432511E1
2.844000000E2,2.103918723E2,2.554426705E1
2.848000000E2,2.155007257E2,4.923076923E1
2.852000000E2,2.164296081E2,6.687953556E1
2.856000000E2,2.029608128E2,8.127721335E1
2.860000000E2,1.718432511E2,6.734397678E1
2.864000000E2,1.685921626E2,6.130624093E1
2.868000000E2,1.495500726E2,5.666182874E1
2.872000000E2,1.439767779E2,5.573294630E1
2.876000000E2,1.328301887E2,8.592162554E1
2.880000000E2,1.184325109E2,9.939042090E1
2.884000000E2,1.054281567E2,9.939042090E1
2.888000000E2,9.335268505E1,8.963715530E1
2.892000000E2,8.174165457E1,8.963715530E1
2.896000000E2,5.341074020E1,8.592162554E1
2.900000000E2,2.972423803E1,8.452830189E1
2.904000000E2,2.507982583E1,8.499274311E1
2.908000000E2,2.182873730E1,8.081277213E1
2.912000000E2,1.439767779E1,6.362844702E1
2.916000000E2,1.439767779E1,5.108853411E1
2.920000000E2,1.486211901E1,3.854862119E1
2.924000000E2,1.532656023E1,2.925979681E1
2.928000000E2,1.532656023E1,2.136429608E1
2.932000000E2,2.229317852E1,1.671988389E1
2.936000000E2,2.740203193E1,1.625544267E1
2.940000000E2,2.043541364E1,2.693759071E1
2.944000000E2,1.021770682E1,2.740203193E1
2.948000000E2,6.502177068E0,2.972423803E1
2.952000000E2,2.136429608E1,3.204644412E1
2.956000000E2,2.786647315E1,2.507982583E1
2.960000000E2,2.229317852E1,1.904208999E1
2.964000000E2,1.625544267E1,2.043541364E1
2.968000000E2,1.068214804E1,3.111756168E1
2.972000000E2,1.579100145E1,4.365747460E1
2.976000000E2,1.625544267E1,5.666182874E1
2.980000000E2,1.764876633E1,6.641509434E1
2.984000000E2,1.997097242E1,8.592162554E1
2.988000000E2,1.718432511E1,1.305079826E2
2.992000000E2,1.300435414E1,1.509433962E2
2.996000000E2,1.300435414E1,1.569811321E2
3.000000000E2,1.997097242E1,1.741654572E2
3.004000000E2,2.554426705E1,1.792743106E2
3.008000000E2,2.461538462E1,1.969230769E2
3.012000000E2,5.851959361E1,2.057474601E2
3.016000000E2,1.021770682E2,2.108563135E2
3.020000000E2,1.119303338E2,2.038896952E2
3.024000000E2,9.521044993E1,1.918142235E2
3.028000000E2,6.920174165E1,1.616255443E2
3.036000000E2,2.833091437E1,1.295791001E2
3.040000000E2,2.461538462E1,1.226124819E2
3.048000000E2,1.811320755E1,1.123947750E2
3.052000000E2,3.111756168E1,8.638606676E1
3.056000000E2,4.226415094E1,5.898403483E1
3.060000000E2,4.830188679E1,4.830188679E1
3.064000000E2,5.294629898E1,4.272859216E1
3.068000000E2,7.245283019E1,2.275761974E1
3.072000000E2,8.592162554E1,1.764876633E1
3.076000000E2,1.003193033E2,1.300435414E1
3.080000000E2,1.100725689E2,1.300435414E1
3.084000000E2,1.532656023E2,1.300435414E1
3.088000000E2,1.602322206E2,1.300435414E1
3.092000000E2,1.685921626E2,4.923076923E1
3.096000000E2,1.834542816E2,6.502177068E1
3.100000000E2,1.997097242E2,8.592162554E1
3.104000000E2,2.052830189E2,1.017126270E2
3.108000000E2,2.178229318E2,1.202902758E2
3.112000000E2,2.201451379E2,1.300435414E2
3.116000000E2,2.192162554E2,1.393323657E2
3.120000000E2,2.155007257E2,1.606966618E2
3.124000000E2,2.155007257E2,1.718432511E2
3.128000000E2,2.159651669E2,1.955297533E2
3.132000000E2,2.062119013E2,2.062119013E2
3.136000000E2,2.020319303E2,2.141074020E2
3.140000000E2,2.076052250E2,2.155007257E2
3.148000000E2,2.178229318E2,2.164296081E2
3.152000000E2,2.192162554E2,2.159651669E2
3.156000000E2,2.071407837E2,2.099274311E2
3.164000000E2,2.173584906E2,2.173584906E2
3.168000000E2,2.173584906E2,2.173584906E2
3.172000000E2,2.168940493E2,2.164296081E2
3.176000000E2,2.159651669E2,2.113207547E2
3.180000000E2,2.150362845E2,2.071407837E2
3.184000000E2,2.150362845E2,2.034252540E2
3.188000000E2,2.150362845E2,2.034252540E2
3.192000000E2,2.182873730E2,2.164296081E2
